1455	1547	4442
1	1016	-1
1	1	1.1771183826356657
1	284	0.025335479462774382
2	1017	-1
2	2	1.1771183826356657
2	285	0.4134001024643224
3	1018	-1
3	3	1.2246713237523552
3	286	0.039092364677155995
4	1019	-1
4	4	1.2246713237523552
4	287	0.49172460608881985
5	1020	-1
5	5	1.2704941804720353
5	288	0.056434389392516014
6	1021	-1
6	6	1.2704941804720353
6	289	0.5540625114882903
7	1022	-1
7	7	1.312499997125941
7	290	0.07751055029255911
8	1023	-1
8	8	1.312499997125941
8	291	0.5980198838417273
9	1024	-1
9	9	1.3497813323769938
9	292	0.10241098267797022
10	1025	-1
10	10	1.3497813323769938
10	293	0.6238012987441278
11	1026	-1
11	11	1.3825048060257614
11	294	0.13117868832215412
12	1027	-1
12	12	1.3825048060257614
12	295	0.6332575942457221
13	1028	-1
13	13	1.411508976861905
13	296	0.16377881741893538
14	1029	-1
14	14	1.411508976861905
14	297	0.6289467786804144
15	1030	-1
15	15	1.4378711622835203
15	298	0.2000404479394178
16	1031	-1
16	16	1.4378711622835203
16	299	0.6135215191158594
17	1032	-1
17	17	1.4625918369547364
17	300	0.23959556960467346
18	1033	-1
18	18	1.4625918369547364
18	301	0.5894533954516322
19	1034	-1
19	19	1.4864224141781184
19	302	0.28183936345285227
20	1035	-1
20	20	1.4864224141781184
20	303	0.5589721428163671
21	1036	-1
21	21	1.509804546734571
21	304	0.3259298902134705
22	1037	-1
22	22	1.509804546734571
22	305	0.524093000430882
23	1038	-1
23	23	1.5328816977813609
23	306	0.37083533481423153
24	1039	-1
24	24	1.5328816977813609
24	307	0.48664880530757043
25	1040	-1
25	25	1.555553945048182
25	308	0.41542387346060855
26	1041	-1
26	26	1.555553945048182
26	309	0.44829076453518235
27	1042	-1
27	27	1.5775561314021749
27	310	0.4585782772419913
28	1043	-1
28	28	1.5775561314021749
28	311	0.4104569858599272
29	1044	-1
29	29	1.5985434757543395
29	312	0.499309570594907
30	1045	-1
30	30	1.5985434757543395
30	313	0.3743272245357213
31	1046	-1
31	31	1.618170397874356
31	314	0.5368450580407017
32	1047	-1
32	32	1.618170397874356
32	315	0.340786744460047
33	1048	-1
33	33	1.6361510946541353
33	316	0.5706752823771813
34	1049	-1
34	34	1.6361510946541353
34	317	0.3104155867338082
35	1050	-1
35	35	1.652295555167257
35	318	0.6005574440618149
36	1051	-1
36	36	1.652295555167257
36	319	0.2835080387815155
37	1052	-1
37	37	1.6665209507122072
37	320	0.6264838862873714
38	1053	-1
38	38	1.6665209507122072
38	321	0.26011678357786183
39	1054	-1
39	39	1.6788434604156295
39	322	0.6486299244248183
40	1055	-1
40	40	1.6788434604156295
40	323	0.24011066575043802
41	1056	-1
41	41	1.6893581065036627
41	324	0.6672953227846693
42	1057	-1
42	42	1.6893581065036627
42	325	0.22323459637821247
43	1058	-1
43	43	1.754605680260487
43	326	0.7192149929064721
44	1059	-1
44	44	1.754605680260487
44	327	0.21139164037306843
45	1060	-1
45	45	1.8057672546798536
45	328	0.7627972026366643
46	1061	-1
46	46	1.8057672546798536
46	329	0.19446052496826627
47	1062	-1
47	47	1.8448258159689988
47	330	0.7991990272365815
48	1063	-1
48	48	1.8448258159689988
48	331	0.17503167442524423
49	1064	-1
49	49	1.874508925323829
49	332	0.8297421101916068
50	1065	-1
50	50	1.874508925323829
50	333	0.15496767454149118
51	1066	-1
51	51	1.8973224154122863
51	334	0.8555752988058734
52	1067	-1
52	52	1.8973224154122863
52	335	0.13546140360906736
53	1068	-1
53	53	1.9152074843225846
53	336	0.8775906684085918
54	1069	-1
54	54	1.9152074843225846
54	337	0.11720407858862572
55	1070	-1
55	55	1.9295407481653124
55	338	0.8964524274612021
56	1071	-1
56	56	1.9295407481653124
56	339	0.10054724851665742
57	1072	-1
57	57	1.9412564795661154
57	340	0.9126560859636537
58	1073	-1
58	58	1.9412564795661154
58	341	0.0856250215823684
59	1074	-1
59	59	1.9509803914815913
59	342	0.9265826795466198
60	1075	-1
60	60	1.9509803914815913
60	343	0.0724375379367935
61	1076	-1
61	61	1.9591363694396409
61	344	0.9385382388900114
62	1077	-1
62	62	1.9591363694396409
62	345	0.06090566910060314
63	1078	-1
63	63	1.966020791232191
63	346	0.9487791748208854
64	1079	-1
64	64	1.966020791232191
64	347	0.050906378083049014
65	1080	-1
65	65	1.9718504262162913
65	348	0.9575272844300721
66	1081	-1
66	66	1.9718504262162913
66	349	0.04229550155746878
67	1082	-1
67	67	1.9767917956536007
67	350	0.9649780975201913
68	1083	-1
68	68	1.9767917956536007
68	351	0.03492234633287535
69	1084	-1
69	69	1.980978573538946
69	352	0.9713053806824645
70	1085	-1
70	70	1.980978573538946
70	353	0.028638875822321216
71	1086	-1
71	71	1.9845217051013302
71	354	0.9766636501662768
72	1087	-1
72	72	1.9845217051013302
72	355	0.023305261251313023
73	1088	-1
73	73	1.987515288918684
73	356	0.9811897868337689
74	1089	-1
74	74	1.987515288918684
74	357	0.018792968773539993
75	1090	-1
75	75	1.990040089979198
75	358	0.9850043324876883
76	1091	-1
76	76	1.990040089979198
76	359	0.014986182643866775
77	1092	-1
77	77	1.9921657729877755
77	360	0.988212732138756
78	1093	-1
78	78	1.9921657729877755
78	361	0.011782125355850492
79	1094	-1
79	79	1.9939524621169866
79	362	0.990906611792527
80	1095	-1
80	80	1.9939524621169866
80	363	0.009090672534965856
81	242	1
81	163	-26.631866204389123
82	243	1
82	164	-26.631866204389123
83	244	1
83	165	-26.631866204389123
84	245	1
84	166	-26.631866204389123
85	246	1
85	167	-26.631866204389123
86	247	1
86	168	-26.631866204389123
87	248	1
87	169	-26.631866204389123
88	249	1
88	170	-26.631866204389123
89	250	1
89	171	-26.631866204389123
90	251	1
90	172	-26.631866204389123
91	252	1
91	173	-26.631866204389123
92	253	1
92	174	-26.631866204389123
93	254	1
93	175	-26.631866204389123
94	255	1
94	176	-26.631866204389123
95	256	1
95	177	-26.631866204389123
96	257	1
96	178	-26.631866204389123
97	258	1
97	179	-26.631866204389123
98	259	1
98	180	-26.631866204389123
99	260	1
99	181	-26.631866204389123
100	261	1
100	182	-26.631866204389123
101	262	1
101	183	-19.866147124802556
102	263	1
102	184	-19.866147124802556
103	264	1
103	185	-19.866147124802556
104	265	1
104	186	-19.866147124802556
105	266	1
105	187	-19.866147124802556
106	267	1
106	188	-19.866147124802556
107	268	1
107	189	-19.866147124802556
108	269	1
108	190	-19.866147124802556
109	270	1
109	191	-19.866147124802556
110	271	1
110	192	-19.866147124802556
111	272	1
111	193	-19.866147124802556
112	273	1
112	194	-19.866147124802556
113	274	1
113	195	-19.866147124802556
114	275	1
114	196	-19.866147124802556
115	276	1
115	197	-19.866147124802556
116	277	1
116	198	-19.866147124802556
117	278	1
117	199	-19.866147124802556
118	279	1
118	200	-19.866147124802556
119	280	1
119	201	-19.866147124802556
120	1	5.512412220497814
120	3	-5.512412220497814
120	83	-6.366082748361793
120	85	6.366082748361793
120	202	0.025335479462774382
120	203	-0.039092364677155995
120	242	-0.02393764899888692
120	243	0.035849781650834245
121	2	5.512412220497814
121	4	-5.512412220497814
121	84	-6.366082748361793
121	86	6.366082748361793
121	202	0.4134001024643224
121	203	-0.49172460608881985
121	242	-0.40146734950693647
121	243	0.46928879764240194
122	3	5.512412220497814
122	5	-5.512412220497814
122	85	-6.366082748361793
122	87	6.366082748361793
122	203	0.039092364677155995
122	204	-0.056434389392516014
122	243	-0.035849781650834245
122	244	0.050866298518093815
123	4	5.512412220497814
123	6	-5.512412220497814
123	86	-6.366082748361793
123	88	6.366082748361793
123	203	0.49172460608881985
123	204	-0.5540625114882903
123	243	-0.46928879764240194
123	244	0.5232673972156945
124	5	5.512412220497814
124	7	-5.512412220497814
124	87	-6.366082748361793
124	89	6.366082748361793
124	204	0.056434389392516014
124	205	-0.07751055029255911
124	244	-0.050866298518093815
124	245	0.06911621632453376
125	6	5.512412220497814
125	8	-5.512412220497814
125	88	-6.366082748361793
125	90	6.366082748361793
125	204	0.5540625114882903
125	205	-0.5980198838417273
125	244	-0.5232673972156945
125	245	0.5613302321049201
126	7	5.512412220497814
126	9	-5.512412220497814
126	89	-6.366082748361793
126	91	6.366082748361793
126	205	0.07751055029255911
126	206	-0.10241098267797022
126	245	-0.06911621632453376
126	246	0.09067758352673762
127	8	5.512412220497814
127	10	-5.512412220497814
127	90	-6.366082748361793
127	92	6.366082748361793
127	205	0.5980198838417273
127	206	-0.6238012987441278
127	245	-0.5613302321049201
127	246	0.5836544449980478
128	9	5.512412220497814
128	11	-5.512412220497814
128	91	-6.366082748361793
128	93	6.366082748361793
128	206	0.10241098267797022
128	207	-0.13117868832215412
128	246	-0.09067758352673762
128	247	0.11558763550328731
129	10	5.512412220497814
129	12	-5.512412220497814
129	92	-6.366082748361793
129	94	6.366082748361793
129	206	0.6238012987441278
129	207	-0.6332575942457221
129	246	-0.5836544449980478
129	247	0.5918426827172352
130	11	5.512412220497814
130	13	-5.512412220497814
130	93	-6.366082748361793
130	95	6.366082748361793
130	207	0.13117868832215412
130	208	-0.16377881741893538
130	247	-0.11558763550328731
130	248	0.14381619569113174
131	12	5.512412220497814
131	14	-5.512412220497814
131	94	-6.366082748361793
131	96	6.366082748361793
131	207	0.6332575942457221
131	208	-0.6289467786804144
131	247	-0.5918426827172352
131	248	0.5881099331847768
132	13	5.512412220497814
132	15	-5.512412220497814
132	95	-6.366082748361793
132	97	6.366082748361793
132	208	0.16377881741893538
132	209	-0.2000404479394178
132	248	-0.14381619569113174
132	249	0.17521526213709437
133	14	5.512412220497814
133	16	-5.512412220497814
133	96	-6.366082748361793
133	98	6.366082748361793
133	208	0.6289467786804144
133	209	-0.6135215191158594
133	248	-0.5881099331847768
133	249	0.5747531496352842
134	15	5.512412220497814
134	17	-5.512412220497814
134	97	-6.366082748361793
134	99	6.366082748361793
134	209	0.2000404479394178
134	210	-0.23959556960467346
134	249	-0.17521526213709437
134	250	0.2094661735169323
135	16	5.512412220497814
135	18	-5.512412220497814
135	98	-6.366082748361793
135	100	6.366082748361793
135	209	0.6135215191158594
135	210	-0.5894533954516322
135	249	-0.5747531496352842
135	250	0.553912481322372
136	17	5.512412220497814
136	19	-5.512412220497814
136	99	-6.366082748361793
136	101	6.366082748361793
136	210	0.23959556960467346
136	211	-0.28183936345285227
136	250	-0.2094661735169323
136	251	0.24604521508041705
137	18	5.512412220497814
137	20	-5.512412220497814
137	100	-6.366082748361793
137	102	6.366082748361793
137	210	0.5894533954516322
137	211	-0.5589721428163671
137	250	-0.553912481322372
137	251	0.527518663308308
138	19	5.512412220497814
138	21	-5.512412220497814
138	101	-6.366082748361793
138	103	6.366082748361793
138	211	0.28183936345285227
138	212	-0.3259298902134705
138	251	-0.24604521508041705
138	252	0.28422334881359446
139	20	5.512412220497814
139	22	-5.512412220497814
139	102	-6.366082748361793
139	104	6.366082748361793
139	211	0.5589721428163671
139	212	-0.524093000430882
139	251	-0.527518663308308
139	252	0.4973166979355328
140	21	5.512412220497814
140	23	-5.512412220497814
140	103	-6.366082748361793
140	105	6.366082748361793
140	212	0.3259298902134705
140	213	-0.37083533481423153
140	252	-0.28422334881359446
140	253	0.32310712261434016
141	22	5.512412220497814
141	24	-5.512412220497814
141	104	-6.366082748361793
141	106	6.366082748361793
141	212	0.524093000430882
141	213	-0.48664880530757043
141	252	-0.4973166979355328
141	253	0.4648936448676836
142	23	5.512412220497814
142	25	-5.512412220497814
142	105	-6.366082748361793
142	107	6.366082748361793
142	213	0.37083533481423153
142	214	-0.41542387346060855
142	253	-0.32310712261434016
142	254	0.36171648649539845
143	24	5.512412220497814
143	26	-5.512412220497814
143	106	-6.366082748361793
143	108	6.366082748361793
143	213	0.48664880530757043
143	214	-0.44829076453518235
143	253	-0.4648936448676836
143	254	0.43167928981355264
144	25	5.512412220497814
144	27	-5.512412220497814
144	107	-6.366082748361793
144	109	6.366082748361793
144	214	0.41542387346060855
144	215	-0.4585782772419913
144	254	-0.36171648649539845
144	255	0.39908402822802846
145	26	5.512412220497814
145	28	-5.512412220497814
145	108	-6.366082748361793
145	110	6.366082748361793
145	214	0.44829076453518235
145	215	-0.4104569858599272
145	254	-0.43167928981355264
145	255	0.39891889505262224
146	27	5.512412220497814
146	29	-5.512412220497814
146	109	-6.366082748361793
146	111	6.366082748361793
146	215	0.4585782772419913
146	216	-0.499309570594907
146	255	-0.39908402822802846
146	256	0.43435339058324796
147	28	5.512412220497814
147	30	-5.512412220497814
147	110	-6.366082748361793
147	112	6.366082748361793
147	215	0.4104569858599272
147	216	-0.3743272245357213
147	255	-0.39891889505262224
147	256	0.3676340145822163
148	29	5.512412220497814
148	31	-5.512412220497814
148	111	-6.366082748361793
148	113	6.366082748361793
148	216	0.499309570594907
148	217	-0.5368450580407017
148	256	-0.43435339058324796
148	257	0.46685549397669995
149	30	5.512412220497814
149	32	-5.512412220497814
149	112	-6.366082748361793
149	114	6.366082748361793
149	216	0.3743272245357213
149	217	-0.340786744460047
149	256	-0.3676340145822163
149	257	0.33859120135487086
150	31	5.512412220497814
150	33	-5.512412220497814
150	113	-6.366082748361793
150	115	6.366082748361793
150	217	0.5368450580407017
150	218	-0.5706752823771813
150	257	-0.46685549397669995
150	258	0.49614919772294247
151	32	5.512412220497814
151	34	-5.512412220497814
151	114	-6.366082748361793
151	116	6.366082748361793
151	217	0.340786744460047
151	218	-0.3104155867338082
151	257	-0.33859120135487086
151	258	0.3122927148886288
152	33	5.512412220497814
152	35	-5.512412220497814
152	115	-6.366082748361793
152	117	6.366082748361793
152	218	0.5706752823771813
152	219	-0.6005574440618149
152	258	-0.49614919772294247
152	259	0.5220242608907337
153	34	5.512412220497814
153	36	-5.512412220497814
153	116	-6.366082748361793
153	118	6.366082748361793
153	218	0.3104155867338082
153	219	-0.2835080387815155
153	258	-0.3122927148886288
153	259	0.2889933796429469
154	35	5.512412220497814
154	37	-5.512412220497814
154	117	-6.366082748361793
154	119	6.366082748361793
154	219	0.6005574440618149
154	220	-0.6264838862873714
154	259	-0.5220242608907337
154	260	0.5444740534252319
155	36	5.512412220497814
155	38	-5.512412220497814
155	118	-6.366082748361793
155	120	6.366082748361793
155	219	0.2835080387815155
155	220	-0.26011678357786183
155	259	-0.2889933796429469
155	260	0.2687388139807949
156	37	5.512412220497814
156	39	-5.512412220497814
156	119	-6.366082748361793
156	121	6.366082748361793
156	220	0.6264838862873714
156	221	-0.6486299244248183
156	260	-0.5444740534252319
156	261	0.5636503814891219
157	38	5.512412220497814
157	40	-5.512412220497814
157	120	-6.366082748361793
157	122	6.366082748361793
157	220	0.26011678357786183
157	221	-0.24011066575043802
157	260	-0.2687388139807949
157	261	0.2514154500290816
158	41	5.512412220497814
158	43	-5.512412220497814
158	123	-4.956082748361793
158	125	4.956082748361793
158	222	0.6672953227846693
158	223	-0.7192149929064721
158	262	-0.6309693559410914
158	263	0.6887171052413305
159	42	5.512412220497814
159	44	-5.512412220497814
159	124	-4.956082748361793
159	126	4.956082748361793
159	222	0.22323459637821247
159	223	-0.21139164037306843
159	262	-0.2472726486387914
159	263	0.2341002988770463
160	43	5.512412220497814
160	45	-5.512412220497814
160	125	-4.956082748361793
160	127	4.956082748361793
160	223	0.7192149929064721
160	224	-0.7627972026366643
160	263	-0.6887171052413305
160	264	0.7371914987716683
161	44	5.512412220497814
161	46	-5.512412220497814
161	126	-4.956082748361793
161	128	4.956082748361793
161	223	0.21139164037306843
161	224	-0.19446052496826627
161	263	-0.2341002988770463
161	264	0.2152686343946605
162	45	5.512412220497814
162	47	-5.512412220497814
162	127	-4.956082748361793
162	129	4.956082748361793
162	224	0.7627972026366643
162	225	-0.7991990272365815
162	264	-0.7371914987716683
162	265	0.7776794956355887
163	46	5.512412220497814
163	48	-5.512412220497814
163	128	-4.956082748361793
163	130	4.956082748361793
163	224	0.19446052496826627
163	225	-0.17503167442524423
163	264	-0.2152686343946605
163	265	0.1936588593764807
164	47	5.512412220497814
164	49	-5.512412220497814
164	129	-4.956082748361793
164	131	4.956082748361793
164	225	0.7991990272365815
164	226	-0.8297421101916068
164	265	-0.7776794956355887
164	266	0.8116510962487165
165	48	5.512412220497814
165	50	-5.512412220497814
165	130	-4.956082748361793
165	132	4.956082748361793
165	225	0.17503167442524423
165	226	-0.15496767454149118
165	265	-0.1936588593764807
165	266	0.17134263832713956
166	49	5.512412220497814
166	51	-5.512412220497814
166	131	-4.956082748361793
166	133	4.956082748361793
166	226	0.8297421101916068
166	227	-0.8555752988058734
166	266	-0.8116510962487165
166	267	0.840384108153891
167	50	5.512412220497814
167	52	-5.512412220497814
167	132	-4.956082748361793
167	134	4.956082748361793
167	226	0.15496767454149118
167	227	-0.13546140360906736
167	266	-0.17134263832713956
167	267	0.1496467523373872
168	51	5.512412220497814
168	53	-5.512412220497814
168	133	-4.956082748361793
168	135	4.956082748361793
168	227	0.8555752988058734
168	228	-0.8775906684085918
168	267	-0.840384108153891
168	268	0.8648707437890443
169	52	5.512412220497814
169	54	-5.512412220497814
169	134	-4.956082748361793
169	136	4.956082748361793
169	227	0.13546140360906736
169	228	-0.11720407858862572
169	267	-0.1496467523373872
169	268	0.12934000875253648
170	53	5.512412220497814
170	55	-5.512412220497814
170	135	-4.956082748361793
170	137	4.956082748361793
170	228	0.8775906684085918
170	229	-0.8964524274612021
170	268	-0.8648707437890443
170	269	0.8858497702461923
171	54	5.512412220497814
171	56	-5.512412220497814
171	136	-4.956082748361793
171	138	4.956082748361793
171	228	0.11720407858862572
171	229	-0.10054724851665742
171	268	-0.12934000875253648
171	269	0.11081341863984595
172	55	5.512412220497814
172	57	-5.512412220497814
172	137	-4.956082748361793
172	139	4.956082748361793
172	229	0.8964524274612021
172	230	-0.9126560859636537
172	269	-0.8858497702461923
172	270	0.90387231944096
173	56	5.512412220497814
173	58	-5.512412220497814
173	138	-4.956082748361793
173	140	4.956082748361793
173	229	0.10054724851665742
173	230	-0.0856250215823684
173	269	-0.11081341863984595
173	270	0.09421614408126265
174	57	5.512412220497814
174	59	-5.512412220497814
174	139	-4.956082748361793
174	141	4.956082748361793
174	230	0.9126560859636537
174	231	-0.9265826795466198
174	270	-0.90387231944096
174	271	0.9193621989596235
175	58	5.512412220497814
175	60	-5.512412220497814
175	140	-4.956082748361793
175	142	4.956082748361793
175	230	0.0856250215823684
175	231	-0.0724375379367935
175	270	-0.09421614408126265
175	271	0.07954834096003484
176	59	5.512412220497814
176	61	-5.512412220497814
176	141	-4.956082748361793
176	143	4.956082748361793
176	231	0.9265826795466198
176	232	-0.9385382388900114
176	271	-0.9193621989596235
176	272	0.9326597919929895
177	60	5.512412220497814
177	62	-5.512412220497814
177	142	-4.956082748361793
177	144	4.956082748361793
177	231	0.0724375379367935
177	232	-0.06090566910060314
177	271	-0.07954834096003484
177	272	0.06672199847840293
178	61	5.512412220497814
178	63	-5.512412220497814
178	143	-4.956082748361793
178	145	4.956082748361793
178	232	0.9385382388900114
178	233	-0.9487791748208854
178	272	-0.9326597919929895
178	273	0.9440502919585816
179	62	5.512412220497814
179	64	-5.512412220497814
179	144	-4.956082748361793
179	146	4.956082748361793
179	232	0.06090566910060314
179	233	-0.050906378083049014
179	272	-0.06672199847840293
179	273	0.055600268515419334
180	63	5.512412220497814
180	65	-5.512412220497814
180	145	-4.956082748361793
180	147	4.956082748361793
180	233	0.9487791748208854
180	234	-0.9575272844300721
180	273	-0.9440502919585816
180	274	0.9537803930816665
181	64	5.512412220497814
181	66	-5.512412220497814
181	146	-4.956082748361793
181	148	4.956082748361793
181	233	0.050906378083049014
181	234	-0.04229550155746878
181	273	-0.055600268515419334
181	274	0.046022805143868875
182	65	5.512412220497814
182	67	-5.512412220497814
182	147	-4.956082748361793
182	149	4.956082748361793
182	234	0.9575272844300721
182	235	-0.9649780975201913
182	274	-0.9537803930816665
182	275	0.9620675737475253
183	66	5.512412220497814
183	68	-5.512412220497814
183	148	-4.956082748361793
183	150	4.956082748361793
183	234	0.04229550155746878
183	235	-0.03492234633287535
183	274	-0.046022805143868875
183	275	0.037821999582841374
184	67	5.512412220497814
184	69	-5.512412220497814
184	149	-4.956082748361793
184	151	4.956082748361793
184	235	0.9649780975201913
184	236	-0.9713053806824645
184	275	-0.9620675737475253
184	276	0.969105106169234
185	68	5.512412220497814
185	70	-5.512412220497814
185	150	-4.956082748361793
185	152	4.956082748361793
185	235	0.03492234633287535
185	236	-0.028638875822321216
185	275	-0.037821999582841374
185	276	0.03083319786419232
186	69	5.512412220497814
186	71	-5.512412220497814
186	151	-4.956082748361793
186	153	4.956082748361793
186	236	0.9713053806824645
186	237	-0.9766636501662768
186	276	-0.969105106169234
186	277	0.9750648513314897
187	70	5.512412220497814
187	72	-5.512412220497814
187	152	-4.956082748361793
187	154	4.956082748361793
187	236	0.028638875822321216
187	237	-0.023305261251313023
187	276	-0.03083319786419232
187	277	0.024900875174388458
188	71	5.512412220497814
188	73	-5.512412220497814
188	153	-4.956082748361793
188	155	4.956082748361793
188	237	0.9766636501662768
188	238	-0.9811897868337689
188	277	-0.9750648513314897
188	278	0.9800990552268493
189	72	5.512412220497814
189	74	-5.512412220497814
189	154	-4.956082748361793
189	156	4.956082748361793
189	237	0.023305261251313023
189	238	-0.018792968773539993
189	277	-0.024900875174388458
189	278	0.019882069504697116
190	73	5.512412220497814
190	75	-5.512412220497814
190	155	-4.956082748361793
190	157	4.956082748361793
190	238	0.9811897868337689
190	239	-0.9850043324876883
190	278	-0.9800990552268493
190	279	0.984341790698783
191	74	5.512412220497814
191	76	-5.512412220497814
191	156	-4.956082748361793
191	158	4.956082748361793
191	238	0.018792968773539993
191	239	-0.014986182643866775
191	278	-0.019882069504697116
191	279	0.015647964577984657
192	75	5.512412220497814
192	77	-5.512412220497814
192	157	-4.956082748361793
192	159	4.956082748361793
192	239	0.9850043324876883
192	240	-0.988212732138756
192	279	-0.984341790698783
192	280	0.9879103391558551
193	76	5.512412220497814
193	78	-5.512412220497814
193	158	-4.956082748361793
193	160	4.956082748361793
193	239	0.014986182643866775
193	240	-0.011782125355850492
193	279	-0.015647964577984657
193	280	0.012084245922263044
194	77	5.512412220497814
194	79	-5.512412220497814
194	159	-4.956082748361793
194	161	4.956082748361793
194	240	0.988212732138756
194	241	-0.990906611792527
194	280	-0.9879103391558551
194	281	0.990906611792527
195	78	5.512412220497814
195	80	-5.512412220497814
195	160	-4.956082748361793
195	162	4.956082748361793
195	240	0.011782125355850492
195	241	-0.009090672534965856
195	280	-0.012084245922263044
195	281	0.009090672534965856
196	39	5.512412220497814
196	41	-5.512412220497814
196	121	-6.366082748361793
196	123	4.956082748361793
196	221	0.6486299244248183
196	222	-0.6672953227846693
196	261	-0.5636503814891219
196	262	0.6309693559410914
197	40	5.512412220497814
197	42	-5.512412220497814
197	122	-6.366082748361793
197	124	4.956082748361793
197	221	0.24011066575043802
197	222	-0.22323459637821247
197	261	-0.2514154500290816
197	262	0.2472726486387914
198	1	-5.512412220497814
198	81	-0.853670527863979
198	83	6.366082748361793
198	202	-0.025335479462774382
198	242	0.02393764899888692
198	283	-0.01491142930425805
199	2	-5.512412220497814
199	82	-0.853670527863979
199	84	6.366082748361793
199	202	-0.4134001024643224
199	242	0.40146734950693647
199	283	-0.32441390666281533
200	79	5.512412220497814
200	161	-5.512412220497814
200	241	0.990906611792527
200	281	-0.990906611792527
200	282	-0.990906611792527
201	80	5.512412220497814
201	162	-5.512412220497814
201	241	0.009090672534965856
201	281	-0.009090672534965856
201	282	-0.009090672534965856
202	1427	-1
202	364	1.0235830557199252
202	647	2.4067723251268926e-06
203	1428	-1
203	365	1.0235830557199252
203	648	0.06911551678868397
204	1429	-1
204	366	1.0335424696620212
204	649	4.4465258167024116e-06
205	1430	-1
205	367	1.0335424696620212
205	650	0.09735498873798243
206	1431	-1
206	368	1.0463550056723685
206	651	7.929398974165911e-06
207	1432	-1
207	369	1.0463550056723685
207	652	0.13289234614010445
208	1433	-1
208	370	1.062479497700762
208	653	1.3757360436380124e-05
209	1434	-1
209	371	1.062479497700762
209	654	0.17639546757290117
210	1435	-1
210	372	1.0822197436374636
210	655	2.3278273848481783e-05
211	1436	-1
211	373	1.0822197436374636
211	656	0.22788481186760362
212	1437	-1
212	374	1.105586247424294
212	657	3.841279084737006e-05
213	1438	-1
213	375	1.105586247424294
213	658	0.28644987230741764
214	1439	-1
214	376	1.1321677051474477
214	659	6.176772542964915e-05
215	1440	-1
215	377	1.1321677051474477
215	660	0.35012323407453844
216	1441	-1
216	378	1.1610739747354257
216	661	9.673008859762692e-05
217	1442	-1
217	379	1.1610739747354257
217	662	0.4160402081947269
218	1443	-1
218	380	1.1910085783604776
218	663	0.0001475663128183805
219	1444	-1
219	381	1.1910085783604776
219	664	0.48090510558327976
220	1445	-1
220	382	1.2204803151901613
220	665	0.00021958491723550244
221	1446	-1
221	383	1.2204803151901613
221	666	0.5416219654634092
222	1447	-1
222	384	1.2480895355442727
222	667	0.00031943420402708706
223	1448	-1
223	385	1.2480895355442727
223	668	0.5958471422609164
224	1449	-1
224	386	1.2727790890799855
224	669	0.00045559113227274276
225	1450	-1
225	387	1.2727790890799855
225	670	0.6422697183419134
226	1451	-1
226	388	1.2939619760801968
226	671	0.0006390715722557944
227	1452	-1
227	389	1.2939619760801968
227	672	0.68058068408369
228	1453	-1
228	390	1.3115080105637695
228	673	0.0008843819366483333
229	1454	-1
229	391	1.3115080105637695
229	674	0.7112302885343114
230	1455	-1
230	392	1.3256346071152922
230	675	0.0012107476096081594
231	1456	-1
231	393	1.3256346071152922
231	676	0.7351168283995654
232	1457	-1
232	394	1.3367667162145986
232	677	0.0016436862699405245
233	1458	-1
233	395	1.3367667162145986
233	678	0.7533134232179363
234	1459	-1
234	396	1.3454143047159295
234	679	0.0022170318206512405
235	1460	-1
235	397	1.3454143047159295
235	680	0.7668780323439565
236	1461	-1
236	398	1.3520880073584605
236	681	0.002975551051482059
237	1462	-1
237	399	1.3520880073584605
237	682	0.776746192587659
238	1463	-1
238	400	1.357252841840204
238	683	0.003978329968574029
239	1464	-1
239	401	1.357252841840204
239	684	0.7836853188032765
240	1465	-1
240	402	1.3613105499052216
240	685	0.005303140285805357
241	1466	-1
241	403	1.3613105499052216
241	686	0.7882865658949446
242	1467	-1
242	404	1.3645998672569117
242	687	0.007052025652179848
243	1468	-1
243	405	1.3645998672569117
243	688	0.7909753164849374
244	1469	-1
244	406	1.3967803752864143
244	689	0.0072798972756846405
245	1470	-1
245	407	1.3967803752864143
245	690	0.8412836550288306
246	1471	-1
246	408	1.4233641055363204
246	691	0.007479279264392391
247	1472	-1
247	409	1.4233641055363204
247	692	0.881098311581009
248	1473	-1
248	410	1.444422749484356
248	693	0.0076593786237187
249	1474	-1
249	411	1.444422749484356
249	694	0.9115566601461124
250	1475	-1
250	412	1.460561560997954
250	695	0.007833036985144284
251	1476	-1
251	413	1.460561560997954
251	696	0.9342459574064635
252	1477	-1
252	414	1.4726251916280233
252	697	0.008015884087012528
253	1478	-1
253	415	1.4726251916280233
253	698	0.9507979311947417
254	1479	-1
254	416	1.481484501330689
254	699	0.008226478567867325
255	1480	-1
255	417	1.481484501330689
255	700	0.9626644098963943
256	1481	-1
256	418	1.4879192093179032
256	701	0.00848737632060098
257	1482	-1
257	419	1.4879192093179032
257	702	0.9710304319681492
258	1483	-1
258	420	1.4925735108761762
258	703	0.008827055820949137
259	1484	-1
259	421	1.4925735108761762
259	704	0.9768081621833724
260	1485	-1
260	422	1.495954907955773
260	705	0.009282734560109456
261	1486	-1
261	423	1.495954907955773
261	706	0.9806678580876416
262	1487	-1
262	424	1.498453375211693
262	707	0.009904250228241854
263	1488	-1
263	425	1.498453375211693
263	708	0.9830793298135203
264	1489	-1
264	426	1.5003671362839912
264	709	0.010759325703302049
265	1490	-1
265	427	1.5003671362839912
265	710	0.984350406707201
266	1491	-1
266	428	1.5019283219494917
266	711	0.011940686452173782
267	1492	-1
267	429	1.5019283219494917
267	712	0.9846567652308735
268	1493	-1
268	430	1.5033260445281924
268	713	0.013575656200389544
269	1494	-1
269	431	1.5033260445281924
269	714	0.984061430095464
270	1495	-1
270	432	1.5047266600490907
270	715	0.01583901577705948
271	1496	-1
271	433	1.5047266600490907
271	716	0.9825238931674287
272	1497	-1
272	434	1.5062920112018023
272	717	0.01897004139955922
273	1498	-1
273	435	1.5062920112018023
273	718	0.979899242583965
274	1499	-1
274	436	1.5081968162251367
274	719	0.02329466799672237
275	1500	-1
275	437	1.5081968162251367
275	720	0.9759276884020276
276	1501	-1
276	438	1.5106463964076755
276	721	0.029253495944312556
277	1502	-1
277	439	1.5106463964076755
277	722	0.9702149095661664
278	1503	-1
278	440	1.5138957170329106
278	723	0.03743558683282161
279	1504	-1
279	441	1.5138957170329106
279	724	0.9622041814725869
280	1505	-1
280	442	1.5182701871611712
280	725	0.04861618445170003
281	1506	-1
281	443	1.5182701871611712
281	726	0.9511428324782185
282	605	1
282	526	-26.656599839890387
283	606	1
283	527	-26.656599839890387
284	607	1
284	528	-26.656599839890387
285	608	1
285	529	-26.656599839890387
286	609	1
286	530	-26.656599839890387
287	610	1
287	531	-26.656599839890387
288	611	1
288	532	-26.656599839890387
289	612	1
289	533	-26.656599839890387
290	613	1
290	534	-26.656599839890387
291	614	1
291	535	-26.656599839890387
292	615	1
292	536	-26.656599839890387
293	616	1
293	537	-26.656599839890387
294	617	1
294	538	-26.656599839890387
295	618	1
295	539	-26.656599839890387
296	619	1
296	540	-26.656599839890387
297	620	1
297	541	-26.656599839890387
298	621	1
298	542	-26.656599839890387
299	622	1
299	543	-26.656599839890387
300	623	1
300	544	-26.656599839890387
301	624	1
301	545	-26.656599839890387
302	625	1
302	546	-20.60535873550345
303	626	1
303	547	-20.60535873550345
304	627	1
304	548	-20.60535873550345
305	628	1
305	549	-20.60535873550345
306	629	1
306	550	-20.60535873550345
307	630	1
307	551	-20.60535873550345
308	631	1
308	552	-20.60535873550345
309	632	1
309	553	-20.60535873550345
310	633	1
310	554	-20.60535873550345
311	634	1
311	555	-20.60535873550345
312	635	1
312	556	-20.60535873550345
313	636	1
313	557	-20.60535873550345
314	637	1
314	558	-20.60535873550345
315	638	1
315	559	-20.60535873550345
316	639	1
316	560	-20.60535873550345
317	640	1
317	561	-20.60535873550345
318	641	1
318	562	-20.60535873550345
319	642	1
319	563	-20.60535873550345
320	643	1
320	564	-20.60535873550345
321	364	5.7919862876165285
321	366	-5.7919862876165285
321	446	-6.383836212982016
321	448	6.383836212982016
321	565	2.4067723251268926e-06
321	566	-4.4465258167024116e-06
321	605	-2.297836636566342e-06
321	606	4.1484831533094325e-06
322	365	5.7919862876165285
322	367	-5.7919862876165285
322	447	-6.383836212982016
322	449	6.383836212982016
322	565	0.06911551678868397
322	566	-0.09735498873798243
322	605	-0.06708034365076948
322	606	0.09270171437843011
323	366	5.7919862876165285
323	368	-5.7919862876165285
323	448	-6.383836212982016
323	450	6.383836212982016
323	566	4.4465258167024116e-06
323	567	-7.929398974165911e-06
323	606	-4.1484831533094325e-06
323	607	7.3084567010233865e-06
324	367	5.7919862876165285
324	369	-5.7919862876165285
324	449	-6.383836212982016
324	451	6.383836212982016
324	566	0.09735498873798243
324	567	-0.13289234614010445
324	606	-0.09270171437843011
324	607	0.1249443784881221
325	368	5.7919862876165285
325	370	-5.7919862876165285
325	450	-6.383836212982016
325	452	6.383836212982016
325	567	7.929398974165911e-06
325	568	-1.3757360436380124e-05
325	607	-7.3084567010233865e-06
325	608	1.2596103774420188e-05
326	369	5.7919862876165285
326	371	-5.7919862876165285
326	451	-6.383836212982016
326	453	6.383836212982016
326	567	0.13289234614010445
326	568	-0.17639546757290117
326	607	-0.1249443784881221
326	608	0.16441429506737856
327	370	5.7919862876165285
327	372	-5.7919862876165285
327	452	-6.383836212982016
327	454	6.383836212982016
327	568	1.3757360436380124e-05
327	569	-2.3278273848481783e-05
327	608	-1.2596103774420188e-05
327	609	2.1234326636241133e-05
328	371	5.7919862876165285
328	373	-5.7919862876165285
328	453	-6.383836212982016
328	455	6.383836212982016
328	568	0.17639546757290117
328	569	-0.22788481186760362
328	608	-0.16441429506737856
328	609	0.21113002619531523
329	372	5.7919862876165285
329	374	-5.7919862876165285
329	454	-6.383836212982016
329	456	6.383836212982016
329	569	2.3278273848481783e-05
329	570	-3.841279084737006e-05
329	609	-2.1234326636241133e-05
329	610	3.496571196523795e-05
330	373	5.7919862876165285
330	375	-5.7919862876165285
330	455	-6.383836212982016
330	457	6.383836212982016
330	569	0.22788481186760362
330	570	-0.28644987230741764
330	609	-0.21113002619531523
330	610	0.2642654788709646
331	374	5.7919862876165285
331	376	-5.7919862876165285
331	456	-6.383836212982016
331	458	6.383836212982016
331	570	3.841279084737006e-05
331	571	-6.176772542964915e-05
331	610	-3.496571196523795e-05
331	611	5.615539420711356e-05
332	375	5.7919862876165285
332	377	-5.7919862876165285
332	457	-6.383836212982016
332	459	6.383836212982016
332	570	0.28644987230741764
332	571	-0.35012323407453844
332	610	-0.2642654788709646
332	611	0.3220356386824372
333	376	5.7919862876165285
333	378	-5.7919862876165285
333	458	-6.383836212982016
333	460	6.383836212982016
333	571	6.176772542964915e-05
333	572	-9.673008859762692e-05
333	611	-5.615539420711356e-05
333	612	8.787637220267443e-05
334	377	5.7919862876165285
334	379	-5.7919862876165285
334	459	-6.383836212982016
334	461	6.383836212982016
334	571	0.35012323407453844
334	572	-0.4160402081947269
334	611	-0.3220356386824372
334	612	0.3818414039765498
335	378	5.7919862876165285
335	380	-5.7919862876165285
335	460	-6.383836212982016
335	462	6.383836212982016
335	572	9.673008859762692e-05
335	573	-0.0001475663128183805
335	612	-8.787637220267443e-05
335	613	0.00013399953447782277
336	379	5.7919862876165285
336	381	-5.7919862876165285
336	461	-6.383836212982016
336	463	6.383836212982016
336	572	0.4160402081947269
336	573	-0.48090510558327976
336	612	-0.3818414039765498
336	613	0.4406926313113672
337	380	5.7919862876165285
337	382	-5.7919862876165285
337	462	-6.383836212982016
337	464	6.383836212982016
337	573	0.0001475663128183805
337	574	-0.00021958491723550244
337	613	-0.00013399953447782277
337	614	0.0001993412436495971
338	381	5.7919862876165285
338	383	-5.7919862876165285
338	463	-6.383836212982016
338	465	6.383836212982016
338	573	0.48090510558327976
338	574	-0.5416219654634092
338	613	-0.4406926313113672
338	614	0.4957803886012459
339	382	5.7919862876165285
339	384	-5.7919862876165285
339	464	-6.383836212982016
339	466	6.383836212982016
339	574	0.00021958491723550244
339	575	-0.00031943420402708706
339	614	-0.0001993412436495971
339	615	0.0002899334331463208
340	383	5.7919862876165285
340	385	-5.7919862876165285
340	465	-6.383836212982016
340	467	6.383836212982016
340	574	0.5416219654634092
340	575	-0.5958471422609164
340	614	-0.4957803886012459
340	615	0.5449783112936782
341	384	5.7919862876165285
341	386	-5.7919862876165285
341	466	-6.383836212982016
341	468	6.383836212982016
341	575	0.00031943420402708706
341	576	-0.00045559113227274276
341	615	-0.0002899334331463208
341	616	0.00041346715723606097
342	385	5.7919862876165285
342	387	-5.7919862876165285
342	467	-6.383836212982016
342	469	6.383836212982016
342	575	0.5958471422609164
342	576	-0.6422697183419134
342	615	-0.5449783112936782
342	616	0.5870970178459213
343	386	5.7919862876165285
343	388	-5.7919862876165285
343	468	-6.383836212982016
343	470	6.383836212982016
343	576	0.00045559113227274276
343	577	-0.0006390715722557944
343	616	-0.00041346715723606097
343	617	0.0005799369971551488
344	387	5.7919862876165285
344	389	-5.7919862876165285
344	469	-6.383836212982016
344	471	6.383836212982016
344	576	0.6422697183419134
344	577	-0.68058068408369
344	616	-0.5870970178459213
344	617	0.6218561471332287
345	388	5.7919862876165285
345	390	-5.7919862876165285
345	470	-6.383836212982016
345	472	6.383836212982016
345	577	0.0006390715722557944
345	578	-0.0008843819366483333
345	617	-0.0005799369971551488
345	618	0.0008025044658997594
346	389	5.7919862876165285
346	391	-5.7919862876165285
346	471	-6.383836212982016
346	473	6.383836212982016
346	577	0.68058068408369
346	578	-0.7112302885343114
346	617	-0.6218561471332287
346	618	0.6496642052987847
347	390	5.7919862876165285
347	392	-5.7919862876165285
347	472	-6.383836212982016
347	474	6.383836212982016
347	578	0.0008843819366483333
347	579	-0.0012107476096081594
347	618	-0.0008025044658997594
347	619	0.001098612548801185
348	391	5.7919862876165285
348	393	-5.7919862876165285
348	473	-6.383836212982016
348	475	6.383836212982016
348	578	0.7112302885343114
348	579	-0.7351168283995654
348	618	-0.6496642052987847
348	619	0.6713362073315949
349	392	5.7919862876165285
349	394	-5.7919862876165285
349	474	-6.383836212982016
349	476	6.383836212982016
349	579	0.0012107476096081594
349	580	-0.0016436862699405245
349	619	-0.001098612548801185
349	620	0.0014914131627956828
350	393	5.7919862876165285
350	395	-5.7919862876165285
350	475	-6.383836212982016
350	477	6.383836212982016
350	579	0.7351168283995654
350	580	-0.7533134232179363
350	619	-0.6713362073315949
350	620	0.6878457831062675
351	394	5.7919862876165285
351	396	-5.7919862876165285
351	476	-6.383836212982016
351	478	6.383836212982016
351	580	0.0016436862699405245
351	581	-0.0022170318206512405
351	620	-0.0014914131627956828
351	621	0.002011603446051646
352	395	5.7919862876165285
352	397	-5.7919862876165285
352	477	-6.383836212982016
352	479	6.383836212982016
352	580	0.7533134232179363
352	581	-0.7668780323439565
352	620	-0.6878457831062675
352	621	0.7001528078248176
353	396	5.7919862876165285
353	398	-5.7919862876165285
353	478	-6.383836212982016
353	480	6.383836212982016
353	581	0.0022170318206512405
353	582	-0.002975551051482059
353	621	-0.002011603446051646
353	622	0.002699799827889248
354	397	5.7919862876165285
354	399	-5.7919862876165285
354	479	-6.383836212982016
354	481	6.383836212982016
354	581	0.7668780323439565
354	582	-0.776746192587659
354	621	-0.7001528078248176
354	622	0.7091060840246292
355	398	5.7919862876165285
355	400	-5.7919862876165285
355	480	-6.383836212982016
355	482	6.383836212982016
355	582	0.002975551051482059
355	583	-0.003978329968574029
355	622	-0.002699799827889248
355	623	0.0036096104094497316
356	399	5.7919862876165285
356	401	-5.7919862876165285
356	481	-6.383836212982016
356	483	6.383836212982016
356	582	0.776746192587659
356	583	-0.7836853188032765
356	622	-0.7091060840246292
356	623	0.7154018789915436
357	400	5.7919862876165285
357	402	-5.7919862876165285
357	482	-6.383836212982016
357	484	6.383836212982016
357	583	0.003978329968574029
357	584	-0.005303140285805357
357	623	-0.0036096104094497316
357	624	0.0048115966345641
358	401	5.7919862876165285
358	403	-5.7919862876165285
358	483	-6.383836212982016
358	485	6.383836212982016
358	583	0.7836853188032765
358	584	-0.7882865658949446
358	623	-0.7154018789915436
358	624	0.7195765412446952
359	404	5.7919862876165285
359	406	-5.7919862876165285
359	486	-5.530165685118037
359	488	5.530165685118037
359	585	0.007052025652179848
359	586	-0.0072798972756846405
359	625	-0.005084208824505176
359	626	0.005322868820203118
360	405	5.7919862876165285
360	407	-5.7919862876165285
360	487	-5.530165685118037
360	489	5.530165685118037
360	585	0.7909753164849374
360	586	-0.8412836550288306
360	625	-0.783392332923818
360	626	0.8360824734322347
361	406	5.7919862876165285
361	408	-5.7919862876165285
361	488	-5.530165685118037
361	490	5.530165685118037
361	586	0.0072798972756846405
361	587	-0.007479279264392391
361	626	-0.005322868820203118
361	627	0.005531690365578811
362	407	5.7919862876165285
362	409	-5.7919862876165285
362	489	-5.530165685118037
362	491	5.530165685118037
362	586	0.8412836550288306
362	587	-0.881098311581009
362	626	-0.8360824734322347
362	627	0.8777821182375544
363	408	5.7919862876165285
363	410	-5.7919862876165285
363	490	-5.530165685118037
363	492	5.530165685118037
363	587	0.007479279264392391
363	588	-0.0076593786237187
363	627	-0.005531690365578811
363	628	0.005720316363241549
364	409	5.7919862876165285
364	411	-5.7919862876165285
364	491	-5.530165685118037
364	493	5.530165685118037
364	587	0.881098311581009
364	588	-0.9115566601461124
364	627	-0.8777821182375544
364	628	0.9096824892694251
365	410	5.7919862876165285
365	412	-5.7919862876165285
365	492	-5.530165685118037
365	494	5.530165685118037
365	588	0.0076593786237187
365	589	-0.007833036985144284
365	628	-0.005720316363241549
365	629	0.005902196419890109
366	411	5.7919862876165285
366	413	-5.7919862876165285
366	493	-5.530165685118037
366	495	5.530165685118037
366	588	0.9115566601461124
366	589	-0.9342459574064635
366	628	-0.9096824892694251
366	629	0.9334459904162664
367	412	5.7919862876165285
367	414	-5.7919862876165285
367	494	-5.530165685118037
367	496	5.530165685118037
367	589	0.007833036985144284
367	590	-0.008015884087012528
367	629	-0.005902196419890109
367	630	0.006093700249438219
368	413	5.7919862876165285
368	415	-5.7919862876165285
368	495	-5.530165685118037
368	497	5.530165685118037
368	589	0.9342459574064635
368	590	-0.9507979311947417
368	629	-0.9334459904162664
368	630	0.9507816021625014
369	414	5.7919862876165285
369	416	-5.7919862876165285
369	496	-5.530165685118037
369	498	5.530165685118037
369	590	0.008015884087012528
369	591	-0.008226478567867325
369	630	-0.006093700249438219
369	631	0.006314265132083377
370	415	5.7919862876165285
370	417	-5.7919862876165285
370	497	-5.530165685118037
370	499	5.530165685118037
370	590	0.9507979311947417
370	591	-0.9626644098963943
370	630	-0.9507816021625014
370	631	0.9632098883716398
371	416	5.7919862876165285
371	418	-5.7919862876165285
371	498	-5.530165685118037
371	500	5.530165685118037
371	591	0.008226478567867325
371	592	-0.00848737632060098
371	631	-0.006314265132083377
371	632	0.00658751484869819
372	417	5.7919862876165285
372	419	-5.7919862876165285
372	499	-5.530165685118037
372	501	5.530165685118037
372	591	0.9626644098963943
372	592	-0.9710304319681492
372	631	-0.9632098883716398
372	632	0.9719719920549558
373	418	5.7919862876165285
373	420	-5.7919862876165285
373	500	-5.530165685118037
373	502	5.530165685118037
373	592	0.00848737632060098
373	593	-0.008827055820949137
373	632	-0.00658751484869819
373	633	0.006943276162230117
374	419	5.7919862876165285
374	421	-5.7919862876165285
374	501	-5.530165685118037
374	503	5.530165685118037
374	592	0.9710304319681492
374	593	-0.9768081621833724
374	632	-0.9719719920549558
374	633	0.9780232635870858
375	420	5.7919862876165285
375	422	-5.7919862876165285
375	502	-5.530165685118037
375	504	5.530165685118037
375	593	0.008827055820949137
375	594	-0.009282734560109456
375	633	-0.006943276162230117
375	634	0.007420528591729157
376	421	5.7919862876165285
376	423	-5.7919862876165285
376	503	-5.530165685118037
376	505	5.530165685118037
376	593	0.9768081621833724
376	594	-0.9806678580876416
376	633	-0.9780232635870858
376	634	0.9820656932399278
377	422	5.7919862876165285
377	424	-5.7919862876165285
377	504	-5.530165685118037
377	506	5.530165685118037
377	594	0.009282734560109456
377	595	-0.009904250228241854
377	634	-0.007420528591729157
377	635	0.008071469346907256
378	423	5.7919862876165285
378	425	-5.7919862876165285
378	505	-5.530165685118037
378	507	5.530165685118037
378	594	0.9806678580876416
378	595	-0.9830793298135203
378	634	-0.9820656932399278
378	635	0.984591333874168
379	424	5.7919862876165285
379	426	-5.7919862876165285
379	506	-5.530165685118037
379	508	5.530165685118037
379	595	0.009904250228241854
379	596	-0.010759325703302049
379	635	-0.008071469346907256
379	636	0.008967027583020324
380	425	5.7919862876165285
380	427	-5.7919862876165285
380	507	-5.530165685118037
380	509	5.530165685118037
380	595	0.9830793298135203
380	596	-0.984350406707201
380	635	-0.984591333874168
380	636	0.9859225887329426
381	426	5.7919862876165285
381	428	-5.7919862876165285
381	508	-5.530165685118037
381	510	5.530165685118037
381	596	0.010759325703302049
381	597	-0.011940686452173782
381	636	-0.008967027583020324
381	637	0.01020431876880357
382	427	5.7919862876165285
382	429	-5.7919862876165285
382	509	-5.530165685118037
382	511	5.530165685118037
382	596	0.984350406707201
382	597	-0.9846567652308735
382	636	-0.9859225887329426
382	637	0.9862434515187781
383	428	5.7919862876165285
383	430	-5.7919862876165285
383	510	-5.530165685118037
383	512	5.530165685118037
383	597	0.011940686452173782
383	598	-0.013575656200389544
383	637	-0.01020431876880357
383	638	0.011916694654339723
384	429	5.7919862876165285
384	431	-5.7919862876165285
384	511	-5.530165685118037
384	513	5.530165685118037
384	597	0.9846567652308735
384	598	-0.984061430095464
384	637	-0.9862434515187781
384	638	0.9856199307895023
385	430	5.7919862876165285
385	432	-5.7919862876165285
385	512	-5.530165685118037
385	514	5.530165685118037
385	598	0.013575656200389544
385	599	-0.01583901577705948
385	638	-0.011916694654339723
385	639	0.014287210906161044
386	431	5.7919862876165285
386	433	-5.7919862876165285
386	513	-5.530165685118037
386	515	5.530165685118037
386	598	0.984061430095464
386	599	-0.9825238931674287
386	638	-0.9856199307895023
386	639	0.9840096005912824
387	432	5.7919862876165285
387	434	-5.7919862876165285
387	514	-5.530165685118037
387	516	5.530165685118037
387	599	0.01583901577705948
387	600	-0.01897004139955922
387	639	-0.014287210906161044
387	640	0.017566472053837243
388	433	5.7919862876165285
388	435	-5.7919862876165285
388	515	-5.530165685118037
388	517	5.530165685118037
388	599	0.9825238931674287
388	600	-0.979899242583965
388	639	-0.9840096005912824
388	640	0.9812606883425986
389	434	5.7919862876165285
389	436	-5.7919862876165285
389	516	-5.530165685118037
389	518	5.530165685118037
389	600	0.01897004139955922
389	601	-0.02329466799672237
389	640	-0.017566472053837243
389	641	0.02209584411529706
390	435	5.7919862876165285
390	437	-5.7919862876165285
390	517	-5.530165685118037
390	519	5.530165685118037
390	600	0.979899242583965
390	601	-0.9759276884020276
390	640	-0.9812606883425986
390	641	0.9771011045847571
391	436	5.7919862876165285
391	438	-5.7919862876165285
391	518	-5.530165685118037
391	520	5.530165685118037
391	601	0.02329466799672237
391	602	-0.029253495944312556
391	641	-0.02209584411529706
391	642	0.028336787285403155
392	437	5.7919862876165285
392	439	-5.7919862876165285
392	519	-5.530165685118037
392	521	5.530165685118037
392	601	0.9759276884020276
392	602	-0.9702149095661664
392	641	-0.9771011045847571
392	642	0.9711178594950148
393	438	5.7919862876165285
393	440	-5.7919862876165285
393	520	-5.530165685118037
393	522	5.530165685118037
393	602	0.029253495944312556
393	603	-0.03743558683282161
393	642	-0.028336787285403155
393	643	0.036906251733258094
394	439	5.7919862876165285
394	441	-5.7919862876165285
394	521	-5.530165685118037
394	523	5.530165685118037
394	602	0.9702149095661664
394	603	-0.9622041814725869
394	642	-0.9711178594950148
394	643	0.9627278708558261
395	440	5.7919862876165285
395	442	-5.7919862876165285
395	522	-5.530165685118037
395	524	5.530165685118037
395	603	0.03743558683282161
395	604	-0.04861618445170003
395	643	-0.036906251733258094
395	644	0.04861618445170003
396	441	5.7919862876165285
396	443	-5.7919862876165285
396	523	-5.530165685118037
396	525	5.530165685118037
396	603	0.9622041814725869
396	604	-0.9511428324782185
396	643	-0.9627278708558261
396	644	0.9511428324782185
397	81	0.853670527863979
397	283	0.01491142930425805
397	402	5.7919862876165285
397	404	-5.7919862876165285
397	484	-6.383836212982016
397	486	5.530165685118037
397	584	0.005303140285805357
397	585	-0.007052025652179848
397	624	-0.0048115966345641
397	625	0.005084208824505176
398	82	0.853670527863979
398	283	0.32441390666281533
398	403	5.7919862876165285
398	405	-5.7919862876165285
398	485	-6.383836212982016
398	487	5.530165685118037
398	584	0.7882865658949446
398	585	-0.7909753164849374
398	624	-0.7195765412446952
398	625	0.783392332923818
399	364	-5.7919862876165285
399	444	-0.5918499253654875
399	446	6.383836212982016
399	565	-2.4067723251268926e-06
399	605	2.297836636566342e-06
399	646	-1.231765685309126e-06
400	365	-5.7919862876165285
400	445	-0.5918499253654875
400	447	6.383836212982016
400	565	-0.06911551678868397
400	605	0.06708034365076948
400	646	-0.04716364790847978
401	442	5.7919862876165285
401	524	-5.7919862876165285
401	604	0.04861618445170003
401	644	-0.04861618445170003
401	645	-0.04861618445170003
402	443	5.7919862876165285
402	525	-5.7919862876165285
402	604	0.9511428324782185
402	644	-0.9511428324782185
402	645	-0.9511428324782185
403	81	-1
403	729	-1
404	82	-1
404	730	-1
405	83	-1
405	731	-1
406	84	-1
406	732	-1
407	85	-1
407	733	-1
408	86	-1
408	734	-1
409	87	-1
409	735	-1
410	88	-1
410	736	-1
411	89	-1
411	737	-1
412	90	-1
412	738	-1
413	91	-1
413	739	-1
414	92	-1
414	740	-1
415	93	-1
415	741	-1
416	94	-1
416	742	-1
417	95	-1
417	743	-1
418	96	-1
418	744	-1
419	97	-1
419	745	-1
420	98	-1
420	746	-1
421	99	-1
421	747	-1
422	100	-1
422	748	-1
423	101	-1
423	749	-1
424	102	-1
424	750	-1
425	103	-1
425	751	-1
426	104	-1
426	752	-1
427	105	-1
427	753	-1
428	106	-1
428	754	-1
429	107	-1
429	755	-1
430	108	-1
430	756	-1
431	109	-1
431	757	-1
432	110	-1
432	758	-1
433	111	-1
433	759	-1
434	112	-1
434	760	-1
435	113	-1
435	761	-1
436	114	-1
436	762	-1
437	115	-1
437	763	-1
438	116	-1
438	764	-1
439	117	-1
439	765	-1
440	118	-1
440	766	-1
441	119	-1
441	767	-1
442	120	-1
442	768	-1
443	121	-1
443	769	-1
444	122	-1
444	770	-1
445	123	-1
445	771	-1
446	124	-1
446	772	-1
447	125	-1
447	773	-1
448	126	-1
448	774	-1
449	127	-1
449	775	-1
450	128	-1
450	776	-1
451	129	-1
451	777	-1
452	130	-1
452	778	-1
453	131	-1
453	779	-1
454	132	-1
454	780	-1
455	133	-1
455	781	-1
456	134	-1
456	782	-1
457	135	-1
457	783	-1
458	136	-1
458	784	-1
459	137	-1
459	785	-1
460	138	-1
460	786	-1
461	139	-1
461	787	-1
462	140	-1
462	788	-1
463	141	-1
463	789	-1
464	142	-1
464	790	-1
465	143	-1
465	791	-1
466	144	-1
466	792	-1
467	145	-1
467	793	-1
468	146	-1
468	794	-1
469	147	-1
469	795	-1
470	148	-1
470	796	-1
471	149	-1
471	797	-1
472	150	-1
472	798	-1
473	151	-1
473	799	-1
474	152	-1
474	800	-1
475	153	-1
475	801	-1
476	154	-1
476	802	-1
477	155	-1
477	803	-1
478	156	-1
478	804	-1
479	157	-1
479	805	-1
480	158	-1
480	806	-1
481	159	-1
481	807	-1
482	160	-1
482	808	-1
483	161	-1
483	809	-1
484	162	-1
484	810	-1
485	163	-1
485	812	-1
486	164	-1
486	813	-1
487	165	-1
487	814	-1
488	166	-1
488	815	-1
489	167	-1
489	816	-1
490	168	-1
490	817	-1
491	169	-1
491	818	-1
492	170	-1
492	819	-1
493	171	-1
493	820	-1
494	172	-1
494	821	-1
495	173	-1
495	822	-1
496	174	-1
496	823	-1
497	175	-1
497	824	-1
498	176	-1
498	825	-1
499	177	-1
499	826	-1
500	178	-1
500	827	-1
501	179	-1
501	828	-1
502	180	-1
502	829	-1
503	181	-1
503	830	-1
504	182	-1
504	831	-1
505	183	-1
505	832	-1
506	184	-1
506	833	-1
507	185	-1
507	834	-1
508	186	-1
508	835	-1
509	187	-1
509	836	-1
510	188	-1
510	837	-1
511	189	-1
511	838	-1
512	190	-1
512	839	-1
513	191	-1
513	840	-1
514	192	-1
514	841	-1
515	193	-1
515	842	-1
516	194	-1
516	843	-1
517	195	-1
517	844	-1
518	196	-1
518	845	-1
519	197	-1
519	846	-1
520	198	-1
520	847	-1
521	199	-1
521	848	-1
522	200	-1
522	849	-1
523	201	-1
523	850	-1
524	163	1
524	853	-1
525	164	1
525	854	-1
526	165	1
526	855	-1
527	166	1
527	856	-1
528	167	1
528	857	-1
529	168	1
529	858	-1
530	169	1
530	859	-1
531	170	1
531	860	-1
532	171	1
532	861	-1
533	172	1
533	862	-1
534	173	1
534	863	-1
535	174	1
535	864	-1
536	175	1
536	865	-1
537	176	1
537	866	-1
538	177	1
538	867	-1
539	178	1
539	868	-1
540	179	1
540	869	-1
541	180	1
541	870	-1
542	181	1
542	871	-1
543	182	1
543	872	-1
544	183	1
544	873	-1
545	184	1
545	874	-1
546	185	1
546	875	-1
547	186	1
547	876	-1
548	187	1
548	877	-1
549	188	1
549	878	-1
550	189	1
550	879	-1
551	190	1
551	880	-1
552	191	1
552	881	-1
553	192	1
553	882	-1
554	193	1
554	883	-1
555	194	1
555	884	-1
556	195	1
556	885	-1
557	196	1
557	886	-1
558	197	1
558	887	-1
559	198	1
559	888	-1
560	199	1
560	889	-1
561	200	1
561	890	-1
562	201	1
562	891	-1
563	202	-1
563	893	-1
564	203	-1
564	894	-1
565	204	-1
565	895	-1
566	205	-1
566	896	-1
567	206	-1
567	897	-1
568	207	-1
568	898	-1
569	208	-1
569	899	-1
570	209	-1
570	900	-1
571	210	-1
571	901	-1
572	211	-1
572	902	-1
573	212	-1
573	903	-1
574	213	-1
574	904	-1
575	214	-1
575	905	-1
576	215	-1
576	906	-1
577	216	-1
577	907	-1
578	217	-1
578	908	-1
579	218	-1
579	909	-1
580	219	-1
580	910	-1
581	220	-1
581	911	-1
582	221	-1
582	912	-1
583	222	-1
583	913	-1
584	223	-1
584	914	-1
585	224	-1
585	915	-1
586	225	-1
586	916	-1
587	226	-1
587	917	-1
588	227	-1
588	918	-1
589	228	-1
589	919	-1
590	229	-1
590	920	-1
591	230	-1
591	921	-1
592	231	-1
592	922	-1
593	232	-1
593	923	-1
594	233	-1
594	924	-1
595	234	-1
595	925	-1
596	235	-1
596	926	-1
597	236	-1
597	927	-1
598	237	-1
598	928	-1
599	238	-1
599	929	-1
600	239	-1
600	930	-1
601	240	-1
601	931	-1
602	241	-1
602	932	-1
603	242	-1
603	933	-1
604	243	-1
604	934	-1
605	244	-1
605	935	-1
606	245	-1
606	936	-1
607	246	-1
607	937	-1
608	247	-1
608	938	-1
609	248	-1
609	939	-1
610	249	-1
610	940	-1
611	250	-1
611	941	-1
612	251	-1
612	942	-1
613	252	-1
613	943	-1
614	253	-1
614	944	-1
615	254	-1
615	945	-1
616	255	-1
616	946	-1
617	256	-1
617	947	-1
618	257	-1
618	948	-1
619	258	-1
619	949	-1
620	259	-1
620	950	-1
621	260	-1
621	951	-1
622	261	-1
622	952	-1
623	262	-1
623	953	-1
624	263	-1
624	954	-1
625	264	-1
625	955	-1
626	265	-1
626	956	-1
627	266	-1
627	957	-1
628	267	-1
628	958	-1
629	268	-1
629	959	-1
630	269	-1
630	960	-1
631	270	-1
631	961	-1
632	271	-1
632	962	-1
633	272	-1
633	963	-1
634	273	-1
634	964	-1
635	274	-1
635	965	-1
636	275	-1
636	966	-1
637	276	-1
637	967	-1
638	277	-1
638	968	-1
639	278	-1
639	969	-1
640	279	-1
640	970	-1
641	280	-1
641	971	-1
642	281	-1
642	972	-1
643	282	-1
643	973	-1
644	283	-1
644	974	-1
645	444	-1
645	1139	-1
646	445	-1
646	1140	-1
647	446	-1
647	1141	-1
648	447	-1
648	1142	-1
649	448	-1
649	1143	-1
650	449	-1
650	1144	-1
651	450	-1
651	1145	-1
652	451	-1
652	1146	-1
653	452	-1
653	1147	-1
654	453	-1
654	1148	-1
655	454	-1
655	1149	-1
656	455	-1
656	1150	-1
657	456	-1
657	1151	-1
658	457	-1
658	1152	-1
659	458	-1
659	1153	-1
660	459	-1
660	1154	-1
661	460	-1
661	1155	-1
662	461	-1
662	1156	-1
663	462	-1
663	1157	-1
664	463	-1
664	1158	-1
665	464	-1
665	1159	-1
666	465	-1
666	1160	-1
667	466	-1
667	1161	-1
668	467	-1
668	1162	-1
669	468	-1
669	1163	-1
670	469	-1
670	1164	-1
671	470	-1
671	1165	-1
672	471	-1
672	1166	-1
673	472	-1
673	1167	-1
674	473	-1
674	1168	-1
675	474	-1
675	1169	-1
676	475	-1
676	1170	-1
677	476	-1
677	1171	-1
678	477	-1
678	1172	-1
679	478	-1
679	1173	-1
680	479	-1
680	1174	-1
681	480	-1
681	1175	-1
682	481	-1
682	1176	-1
683	482	-1
683	1177	-1
684	483	-1
684	1178	-1
685	484	-1
685	1179	-1
686	485	-1
686	1180	-1
687	486	-1
687	1181	-1
688	487	-1
688	1182	-1
689	488	-1
689	1183	-1
690	489	-1
690	1184	-1
691	490	-1
691	1185	-1
692	491	-1
692	1186	-1
693	492	-1
693	1187	-1
694	493	-1
694	1188	-1
695	494	-1
695	1189	-1
696	495	-1
696	1190	-1
697	496	-1
697	1191	-1
698	497	-1
698	1192	-1
699	498	-1
699	1193	-1
700	499	-1
700	1194	-1
701	500	-1
701	1195	-1
702	501	-1
702	1196	-1
703	502	-1
703	1197	-1
704	503	-1
704	1198	-1
705	504	-1
705	1199	-1
706	505	-1
706	1200	-1
707	506	-1
707	1201	-1
708	507	-1
708	1202	-1
709	508	-1
709	1203	-1
710	509	-1
710	1204	-1
711	510	-1
711	1205	-1
712	511	-1
712	1206	-1
713	512	-1
713	1207	-1
714	513	-1
714	1208	-1
715	514	-1
715	1209	-1
716	515	-1
716	1210	-1
717	516	-1
717	1211	-1
718	517	-1
718	1212	-1
719	518	-1
719	1213	-1
720	519	-1
720	1214	-1
721	520	-1
721	1215	-1
722	521	-1
722	1216	-1
723	522	-1
723	1217	-1
724	523	-1
724	1218	-1
725	524	-1
725	1219	-1
726	525	-1
726	1220	-1
727	526	-1
727	1223	-1
728	527	-1
728	1224	-1
729	528	-1
729	1225	-1
730	529	-1
730	1226	-1
731	530	-1
731	1227	-1
732	531	-1
732	1228	-1
733	532	-1
733	1229	-1
734	533	-1
734	1230	-1
735	534	-1
735	1231	-1
736	535	-1
736	1232	-1
737	536	-1
737	1233	-1
738	537	-1
738	1234	-1
739	538	-1
739	1235	-1
740	539	-1
740	1236	-1
741	540	-1
741	1237	-1
742	541	-1
742	1238	-1
743	542	-1
743	1239	-1
744	543	-1
744	1240	-1
745	544	-1
745	1241	-1
746	545	-1
746	1242	-1
747	546	-1
747	1243	-1
748	547	-1
748	1244	-1
749	548	-1
749	1245	-1
750	549	-1
750	1246	-1
751	550	-1
751	1247	-1
752	551	-1
752	1248	-1
753	552	-1
753	1249	-1
754	553	-1
754	1250	-1
755	554	-1
755	1251	-1
756	555	-1
756	1252	-1
757	556	-1
757	1253	-1
758	557	-1
758	1254	-1
759	558	-1
759	1255	-1
760	559	-1
760	1256	-1
761	560	-1
761	1257	-1
762	561	-1
762	1258	-1
763	562	-1
763	1259	-1
764	563	-1
764	1260	-1
765	564	-1
765	1261	-1
766	526	1
766	1264	-1
767	527	1
767	1265	-1
768	528	1
768	1266	-1
769	529	1
769	1267	-1
770	530	1
770	1268	-1
771	531	1
771	1269	-1
772	532	1
772	1270	-1
773	533	1
773	1271	-1
774	534	1
774	1272	-1
775	535	1
775	1273	-1
776	536	1
776	1274	-1
777	537	1
777	1275	-1
778	538	1
778	1276	-1
779	539	1
779	1277	-1
780	540	1
780	1278	-1
781	541	1
781	1279	-1
782	542	1
782	1280	-1
783	543	1
783	1281	-1
784	544	1
784	1282	-1
785	545	1
785	1283	-1
786	546	1
786	1284	-1
787	547	1
787	1285	-1
788	548	1
788	1286	-1
789	549	1
789	1287	-1
790	550	1
790	1288	-1
791	551	1
791	1289	-1
792	552	1
792	1290	-1
793	553	1
793	1291	-1
794	554	1
794	1292	-1
795	555	1
795	1293	-1
796	556	1
796	1294	-1
797	557	1
797	1295	-1
798	558	1
798	1296	-1
799	559	1
799	1297	-1
800	560	1
800	1298	-1
801	561	1
801	1299	-1
802	562	1
802	1300	-1
803	563	1
803	1301	-1
804	564	1
804	1302	-1
805	565	-1
805	1304	-1
806	566	-1
806	1305	-1
807	567	-1
807	1306	-1
808	568	-1
808	1307	-1
809	569	-1
809	1308	-1
810	570	-1
810	1309	-1
811	571	-1
811	1310	-1
812	572	-1
812	1311	-1
813	573	-1
813	1312	-1
814	574	-1
814	1313	-1
815	575	-1
815	1314	-1
816	576	-1
816	1315	-1
817	577	-1
817	1316	-1
818	578	-1
818	1317	-1
819	579	-1
819	1318	-1
820	580	-1
820	1319	-1
821	581	-1
821	1320	-1
822	582	-1
822	1321	-1
823	583	-1
823	1322	-1
824	584	-1
824	1323	-1
825	585	-1
825	1324	-1
826	586	-1
826	1325	-1
827	587	-1
827	1326	-1
828	588	-1
828	1327	-1
829	589	-1
829	1328	-1
830	590	-1
830	1329	-1
831	591	-1
831	1330	-1
832	592	-1
832	1331	-1
833	593	-1
833	1332	-1
834	594	-1
834	1333	-1
835	595	-1
835	1334	-1
836	596	-1
836	1335	-1
837	597	-1
837	1336	-1
838	598	-1
838	1337	-1
839	599	-1
839	1338	-1
840	600	-1
840	1339	-1
841	601	-1
841	1340	-1
842	602	-1
842	1341	-1
843	603	-1
843	1342	-1
844	604	-1
844	1343	-1
845	605	-1
845	1344	-1
846	606	-1
846	1345	-1
847	607	-1
847	1346	-1
848	608	-1
848	1347	-1
849	609	-1
849	1348	-1
850	610	-1
850	1349	-1
851	611	-1
851	1350	-1
852	612	-1
852	1351	-1
853	613	-1
853	1352	-1
854	614	-1
854	1353	-1
855	615	-1
855	1354	-1
856	616	-1
856	1355	-1
857	617	-1
857	1356	-1
858	618	-1
858	1357	-1
859	619	-1
859	1358	-1
860	620	-1
860	1359	-1
861	621	-1
861	1360	-1
862	622	-1
862	1361	-1
863	623	-1
863	1362	-1
864	624	-1
864	1363	-1
865	625	-1
865	1364	-1
866	626	-1
866	1365	-1
867	627	-1
867	1366	-1
868	628	-1
868	1367	-1
869	629	-1
869	1368	-1
870	630	-1
870	1369	-1
871	631	-1
871	1370	-1
872	632	-1
872	1371	-1
873	633	-1
873	1372	-1
874	634	-1
874	1373	-1
875	635	-1
875	1374	-1
876	636	-1
876	1375	-1
877	637	-1
877	1376	-1
878	638	-1
878	1377	-1
879	639	-1
879	1378	-1
880	640	-1
880	1379	-1
881	641	-1
881	1380	-1
882	642	-1
882	1381	-1
883	643	-1
883	1382	-1
884	644	-1
884	1383	-1
885	645	-1
885	1384	-1
886	646	-1
886	1385	-1
887	161	-1
887	809	-1
888	525	-1
888	1220	-1
889	444	1
889	445	1
889	1221	-1
890	81	-2
890	1016	1
891	82	-1.5
891	1017	1
892	83	-2
892	1018	1
893	84	-1.5
893	1019	1
894	85	-2
894	1020	1
895	86	-1.5
895	1021	1
896	87	-2
896	1022	1
897	88	-1.5
897	1023	1
898	89	-2
898	1024	1
899	90	-1.5
899	1025	1
900	91	-2
900	1026	1
901	92	-1.5
901	1027	1
902	93	-2
902	1028	1
903	94	-1.5
903	1029	1
904	95	-2
904	1030	1
905	96	-1.5
905	1031	1
906	97	-2
906	1032	1
907	98	-1.5
907	1033	1
908	99	-2
908	1034	1
909	100	-1.5
909	1035	1
910	101	-2
910	1036	1
911	102	-1.5
911	1037	1
912	103	-2
912	1038	1
913	104	-1.5
913	1039	1
914	105	-2
914	1040	1
915	106	-1.5
915	1041	1
916	107	-2
916	1042	1
917	108	-1.5
917	1043	1
918	109	-2
918	1044	1
919	110	-1.5
919	1045	1
920	111	-2
920	1046	1
921	112	-1.5
921	1047	1
922	113	-2
922	1048	1
923	114	-1.5
923	1049	1
924	115	-2
924	1050	1
925	116	-1.5
925	1051	1
926	117	-2
926	1052	1
927	118	-1.5
927	1053	1
928	119	-2
928	1054	1
929	120	-1.5
929	1055	1
930	121	-2
930	1056	1
931	122	-1.5
931	1057	1
932	123	-2
932	1058	1
933	124	-1.5
933	1059	1
934	125	-2
934	1060	1
935	126	-1.5
935	1061	1
936	127	-2
936	1062	1
937	128	-1.5
937	1063	1
938	129	-2
938	1064	1
939	130	-1.5
939	1065	1
940	131	-2
940	1066	1
941	132	-1.5
941	1067	1
942	133	-2
942	1068	1
943	134	-1.5
943	1069	1
944	135	-2
944	1070	1
945	136	-1.5
945	1071	1
946	137	-2
946	1072	1
947	138	-1.5
947	1073	1
948	139	-2
948	1074	1
949	140	-1.5
949	1075	1
950	141	-2
950	1076	1
951	142	-1.5
951	1077	1
952	143	-2
952	1078	1
953	144	-1.5
953	1079	1
954	145	-2
954	1080	1
955	146	-1.5
955	1081	1
956	147	-2
956	1082	1
957	148	-1.5
957	1083	1
958	149	-2
958	1084	1
959	150	-1.5
959	1085	1
960	151	-2
960	1086	1
961	152	-1.5
961	1087	1
962	153	-2
962	1088	1
963	154	-1.5
963	1089	1
964	155	-2
964	1090	1
965	156	-1.5
965	1091	1
966	157	-2
966	1092	1
967	158	-1.5
967	1093	1
968	159	-2
968	1094	1
969	160	-1.5
969	1095	1
970	81	-1
970	82	-0.5
970	284	1
971	81	-1
971	82	-0.5
971	285	1
972	83	-1
972	84	-0.5
972	286	1
973	83	-1
973	84	-0.5
973	287	1
974	85	-1
974	86	-0.5
974	288	1
975	85	-1
975	86	-0.5
975	289	1
976	87	-1
976	88	-0.5
976	290	1
977	87	-1
977	88	-0.5
977	291	1
978	89	-1
978	90	-0.5
978	292	1
979	89	-1
979	90	-0.5
979	293	1
980	91	-1
980	92	-0.5
980	294	1
981	91	-1
981	92	-0.5
981	295	1
982	93	-1
982	94	-0.5
982	296	1
983	93	-1
983	94	-0.5
983	297	1
984	95	-1
984	96	-0.5
984	298	1
985	95	-1
985	96	-0.5
985	299	1
986	97	-1
986	98	-0.5
986	300	1
987	97	-1
987	98	-0.5
987	301	1
988	99	-1
988	100	-0.5
988	302	1
989	99	-1
989	100	-0.5
989	303	1
990	101	-1
990	102	-0.5
990	304	1
991	101	-1
991	102	-0.5
991	305	1
992	103	-1
992	104	-0.5
992	306	1
993	103	-1
993	104	-0.5
993	307	1
994	105	-1
994	106	-0.5
994	308	1
995	105	-1
995	106	-0.5
995	309	1
996	107	-1
996	108	-0.5
996	310	1
997	107	-1
997	108	-0.5
997	311	1
998	109	-1
998	110	-0.5
998	312	1
999	109	-1
999	110	-0.5
999	313	1
1000	111	-1
1000	112	-0.5
1000	314	1
1001	111	-1
1001	112	-0.5
1001	315	1
1002	113	-1
1002	114	-0.5
1002	316	1
1003	113	-1
1003	114	-0.5
1003	317	1
1004	115	-1
1004	116	-0.5
1004	318	1
1005	115	-1
1005	116	-0.5
1005	319	1
1006	117	-1
1006	118	-0.5
1006	320	1
1007	117	-1
1007	118	-0.5
1007	321	1
1008	119	-1
1008	120	-0.5
1008	322	1
1009	119	-1
1009	120	-0.5
1009	323	1
1010	121	-1
1010	122	-0.5
1010	324	1
1011	121	-1
1011	122	-0.5
1011	325	1
1012	123	-1
1012	124	-0.5
1012	326	1
1013	123	-1
1013	124	-0.5
1013	327	1
1014	125	-1
1014	126	-0.5
1014	328	1
1015	125	-1
1015	126	-0.5
1015	329	1
1016	127	-1
1016	128	-0.5
1016	330	1
1017	127	-1
1017	128	-0.5
1017	331	1
1018	129	-1
1018	130	-0.5
1018	332	1
1019	129	-1
1019	130	-0.5
1019	333	1
1020	131	-1
1020	132	-0.5
1020	334	1
1021	131	-1
1021	132	-0.5
1021	335	1
1022	133	-1
1022	134	-0.5
1022	336	1
1023	133	-1
1023	134	-0.5
1023	337	1
1024	135	-1
1024	136	-0.5
1024	338	1
1025	135	-1
1025	136	-0.5
1025	339	1
1026	137	-1
1026	138	-0.5
1026	340	1
1027	137	-1
1027	138	-0.5
1027	341	1
1028	139	-1
1028	140	-0.5
1028	342	1
1029	139	-1
1029	140	-0.5
1029	343	1
1030	141	-1
1030	142	-0.5
1030	344	1
1031	141	-1
1031	142	-0.5
1031	345	1
1032	143	-1
1032	144	-0.5
1032	346	1
1033	143	-1
1033	144	-0.5
1033	347	1
1034	145	-1
1034	146	-0.5
1034	348	1
1035	145	-1
1035	146	-0.5
1035	349	1
1036	147	-1
1036	148	-0.5
1036	350	1
1037	147	-1
1037	148	-0.5
1037	351	1
1038	149	-1
1038	150	-0.5
1038	352	1
1039	149	-1
1039	150	-0.5
1039	353	1
1040	151	-1
1040	152	-0.5
1040	354	1
1041	151	-1
1041	152	-0.5
1041	355	1
1042	153	-1
1042	154	-0.5
1042	356	1
1043	153	-1
1043	154	-0.5
1043	357	1
1044	155	-1
1044	156	-0.5
1044	358	1
1045	155	-1
1045	156	-0.5
1045	359	1
1046	157	-1
1046	158	-0.5
1046	360	1
1047	157	-1
1047	158	-0.5
1047	361	1
1048	159	-1
1048	160	-0.5
1048	362	1
1049	159	-1
1049	160	-0.5
1049	363	1
1050	728	1
1050	202	-1
1051	728	1
1051	203	-1
1052	728	1
1052	204	-1
1053	728	1
1053	205	-1
1054	728	1
1054	206	-1
1055	728	1
1055	207	-1
1056	728	1
1056	208	-1
1057	728	1
1057	209	-1
1058	728	1
1058	210	-1
1059	728	1
1059	211	-1
1060	728	1
1060	212	-1
1061	728	1
1061	213	-1
1062	728	1
1062	214	-1
1063	728	1
1063	215	-1
1064	728	1
1064	216	-1
1065	728	1
1065	217	-1
1066	728	1
1066	218	-1
1067	728	1
1067	219	-1
1068	728	1
1068	220	-1
1069	728	1
1069	221	-1
1070	728	-1
1070	222	1
1071	728	-1
1071	223	1
1072	728	-1
1072	224	1
1073	728	-1
1073	225	1
1074	728	-1
1074	226	1
1075	728	-1
1075	227	1
1076	728	-1
1076	228	1
1077	728	-1
1077	229	1
1078	728	-1
1078	230	1
1079	728	-1
1079	231	1
1080	728	-1
1080	232	1
1081	728	-1
1081	233	1
1082	728	-1
1082	234	1
1083	728	-1
1083	235	1
1084	728	-1
1084	236	1
1085	728	-1
1085	237	1
1086	728	-1
1086	238	1
1087	728	-1
1087	239	1
1088	728	-1
1088	240	1
1089	728	-1
1089	241	1
1090	727	1
1090	281	-1
1091	202	1
1091	203	-1
1091	242	-1
1091	243	1
1092	203	1
1092	204	-1
1092	243	-1
1092	244	1
1093	204	1
1093	205	-1
1093	244	-1
1093	245	1
1094	205	1
1094	206	-1
1094	245	-1
1094	246	1
1095	206	1
1095	207	-1
1095	246	-1
1095	247	1
1096	207	1
1096	208	-1
1096	247	-1
1096	248	1
1097	208	1
1097	209	-1
1097	248	-1
1097	249	1
1098	209	1
1098	210	-1
1098	249	-1
1098	250	1
1099	210	1
1099	211	-1
1099	250	-1
1099	251	1
1100	211	1
1100	212	-1
1100	251	-1
1100	252	1
1101	212	1
1101	213	-1
1101	252	-1
1101	253	1
1102	213	1
1102	214	-1
1102	253	-1
1102	254	1
1103	214	1
1103	215	-1
1103	254	-1
1103	255	1
1104	215	1
1104	216	-1
1104	255	-1
1104	256	1
1105	216	1
1105	217	-1
1105	256	-1
1105	257	1
1106	217	1
1106	218	-1
1106	257	-1
1106	258	1
1107	218	1
1107	219	-1
1107	258	-1
1107	259	1
1108	219	1
1108	220	-1
1108	259	-1
1108	260	1
1109	220	1
1109	221	-1
1109	260	-1
1109	261	1
1110	222	1
1110	223	-1
1110	262	-1
1110	263	1
1111	223	1
1111	224	-1
1111	263	-1
1111	264	1
1112	224	1
1112	225	-1
1112	264	-1
1112	265	1
1113	225	1
1113	226	-1
1113	265	-1
1113	266	1
1114	226	1
1114	227	-1
1114	266	-1
1114	267	1
1115	227	1
1115	228	-1
1115	267	-1
1115	268	1
1116	228	1
1116	229	-1
1116	268	-1
1116	269	1
1117	229	1
1117	230	-1
1117	269	-1
1117	270	1
1118	230	1
1118	231	-1
1118	270	-1
1118	271	1
1119	231	1
1119	232	-1
1119	271	-1
1119	272	1
1120	232	1
1120	233	-1
1120	272	-1
1120	273	1
1121	233	1
1121	234	-1
1121	273	-1
1121	274	1
1122	234	1
1122	235	-1
1122	274	-1
1122	275	1
1123	235	1
1123	236	-1
1123	275	-1
1123	276	1
1124	236	1
1124	237	-1
1124	276	-1
1124	277	1
1125	237	1
1125	238	-1
1125	277	-1
1125	278	1
1126	238	1
1126	239	-1
1126	278	-1
1126	279	1
1127	239	1
1127	240	-1
1127	279	-1
1127	280	1
1128	240	1
1128	241	-1
1128	280	-1
1128	281	1
1129	221	1
1129	222	-1
1129	261	-1
1129	262	1
1130	202	-1
1130	242	1
1130	283	-1
1131	727	-1
1131	241	1
1131	282	-1
1132	444	-2
1132	1427	1
1133	445	-1.5
1133	1428	1
1134	446	-2
1134	1429	1
1135	447	-1.5
1135	1430	1
1136	448	-2
1136	1431	1
1137	449	-1.5
1137	1432	1
1138	450	-2
1138	1433	1
1139	451	-1.5
1139	1434	1
1140	452	-2
1140	1435	1
1141	453	-1.5
1141	1436	1
1142	454	-2
1142	1437	1
1143	455	-1.5
1143	1438	1
1144	456	-2
1144	1439	1
1145	457	-1.5
1145	1440	1
1146	458	-2
1146	1441	1
1147	459	-1.5
1147	1442	1
1148	460	-2
1148	1443	1
1149	461	-1.5
1149	1444	1
1150	462	-2
1150	1445	1
1151	463	-1.5
1151	1446	1
1152	464	-2
1152	1447	1
1153	465	-1.5
1153	1448	1
1154	466	-2
1154	1449	1
1155	467	-1.5
1155	1450	1
1156	468	-2
1156	1451	1
1157	469	-1.5
1157	1452	1
1158	470	-2
1158	1453	1
1159	471	-1.5
1159	1454	1
1160	472	-2
1160	1455	1
1161	473	-1.5
1161	1456	1
1162	474	-2
1162	1457	1
1163	475	-1.5
1163	1458	1
1164	476	-2
1164	1459	1
1165	477	-1.5
1165	1460	1
1166	478	-2
1166	1461	1
1167	479	-1.5
1167	1462	1
1168	480	-2
1168	1463	1
1169	481	-1.5
1169	1464	1
1170	482	-2
1170	1465	1
1171	483	-1.5
1171	1466	1
1172	484	-2
1172	1467	1
1173	485	-1.5
1173	1468	1
1174	486	-2
1174	1469	1
1175	487	-1.5
1175	1470	1
1176	488	-2
1176	1471	1
1177	489	-1.5
1177	1472	1
1178	490	-2
1178	1473	1
1179	491	-1.5
1179	1474	1
1180	492	-2
1180	1475	1
1181	493	-1.5
1181	1476	1
1182	494	-2
1182	1477	1
1183	495	-1.5
1183	1478	1
1184	496	-2
1184	1479	1
1185	497	-1.5
1185	1480	1
1186	498	-2
1186	1481	1
1187	499	-1.5
1187	1482	1
1188	500	-2
1188	1483	1
1189	501	-1.5
1189	1484	1
1190	502	-2
1190	1485	1
1191	503	-1.5
1191	1486	1
1192	504	-2
1192	1487	1
1193	505	-1.5
1193	1488	1
1194	506	-2
1194	1489	1
1195	507	-1.5
1195	1490	1
1196	508	-2
1196	1491	1
1197	509	-1.5
1197	1492	1
1198	510	-2
1198	1493	1
1199	511	-1.5
1199	1494	1
1200	512	-2
1200	1495	1
1201	513	-1.5
1201	1496	1
1202	514	-2
1202	1497	1
1203	515	-1.5
1203	1498	1
1204	516	-2
1204	1499	1
1205	517	-1.5
1205	1500	1
1206	518	-2
1206	1501	1
1207	519	-1.5
1207	1502	1
1208	520	-2
1208	1503	1
1209	521	-1.5
1209	1504	1
1210	522	-2
1210	1505	1
1211	523	-1.5
1211	1506	1
1212	444	-1
1212	445	-0.5
1212	647	1
1213	444	-1
1213	445	-0.5
1213	648	1
1214	446	-1
1214	447	-0.5
1214	649	1
1215	446	-1
1215	447	-0.5
1215	650	1
1216	448	-1
1216	449	-0.5
1216	651	1
1217	448	-1
1217	449	-0.5
1217	652	1
1218	450	-1
1218	451	-0.5
1218	653	1
1219	450	-1
1219	451	-0.5
1219	654	1
1220	452	-1
1220	453	-0.5
1220	655	1
1221	452	-1
1221	453	-0.5
1221	656	1
1222	454	-1
1222	455	-0.5
1222	657	1
1223	454	-1
1223	455	-0.5
1223	658	1
1224	456	-1
1224	457	-0.5
1224	659	1
1225	456	-1
1225	457	-0.5
1225	660	1
1226	458	-1
1226	459	-0.5
1226	661	1
1227	458	-1
1227	459	-0.5
1227	662	1
1228	460	-1
1228	461	-0.5
1228	663	1
1229	460	-1
1229	461	-0.5
1229	664	1
1230	462	-1
1230	463	-0.5
1230	665	1
1231	462	-1
1231	463	-0.5
1231	666	1
1232	464	-1
1232	465	-0.5
1232	667	1
1233	464	-1
1233	465	-0.5
1233	668	1
1234	466	-1
1234	467	-0.5
1234	669	1
1235	466	-1
1235	467	-0.5
1235	670	1
1236	468	-1
1236	469	-0.5
1236	671	1
1237	468	-1
1237	469	-0.5
1237	672	1
1238	470	-1
1238	471	-0.5
1238	673	1
1239	470	-1
1239	471	-0.5
1239	674	1
1240	472	-1
1240	473	-0.5
1240	675	1
1241	472	-1
1241	473	-0.5
1241	676	1
1242	474	-1
1242	475	-0.5
1242	677	1
1243	474	-1
1243	475	-0.5
1243	678	1
1244	476	-1
1244	477	-0.5
1244	679	1
1245	476	-1
1245	477	-0.5
1245	680	1
1246	478	-1
1246	479	-0.5
1246	681	1
1247	478	-1
1247	479	-0.5
1247	682	1
1248	480	-1
1248	481	-0.5
1248	683	1
1249	480	-1
1249	481	-0.5
1249	684	1
1250	482	-1
1250	483	-0.5
1250	685	1
1251	482	-1
1251	483	-0.5
1251	686	1
1252	484	-1
1252	485	-0.5
1252	687	1
1253	484	-1
1253	485	-0.5
1253	688	1
1254	486	-1
1254	487	-0.5
1254	689	1
1255	486	-1
1255	487	-0.5
1255	690	1
1256	488	-1
1256	489	-0.5
1256	691	1
1257	488	-1
1257	489	-0.5
1257	692	1
1258	490	-1
1258	491	-0.5
1258	693	1
1259	490	-1
1259	491	-0.5
1259	694	1
1260	492	-1
1260	493	-0.5
1260	695	1
1261	492	-1
1261	493	-0.5
1261	696	1
1262	494	-1
1262	495	-0.5
1262	697	1
1263	494	-1
1263	495	-0.5
1263	698	1
1264	496	-1
1264	497	-0.5
1264	699	1
1265	496	-1
1265	497	-0.5
1265	700	1
1266	498	-1
1266	499	-0.5
1266	701	1
1267	498	-1
1267	499	-0.5
1267	702	1
1268	500	-1
1268	501	-0.5
1268	703	1
1269	500	-1
1269	501	-0.5
1269	704	1
1270	502	-1
1270	503	-0.5
1270	705	1
1271	502	-1
1271	503	-0.5
1271	706	1
1272	504	-1
1272	505	-0.5
1272	707	1
1273	504	-1
1273	505	-0.5
1273	708	1
1274	506	-1
1274	507	-0.5
1274	709	1
1275	506	-1
1275	507	-0.5
1275	710	1
1276	508	-1
1276	509	-0.5
1276	711	1
1277	508	-1
1277	509	-0.5
1277	712	1
1278	510	-1
1278	511	-0.5
1278	713	1
1279	510	-1
1279	511	-0.5
1279	714	1
1280	512	-1
1280	513	-0.5
1280	715	1
1281	512	-1
1281	513	-0.5
1281	716	1
1282	514	-1
1282	515	-0.5
1282	717	1
1283	514	-1
1283	515	-0.5
1283	718	1
1284	516	-1
1284	517	-0.5
1284	719	1
1285	516	-1
1285	517	-0.5
1285	720	1
1286	518	-1
1286	519	-0.5
1286	721	1
1287	518	-1
1287	519	-0.5
1287	722	1
1288	520	-1
1288	521	-0.5
1288	723	1
1289	520	-1
1289	521	-0.5
1289	724	1
1290	522	-1
1290	523	-0.5
1290	725	1
1291	522	-1
1291	523	-0.5
1291	726	1
1292	1138	1
1292	565	-1
1293	1138	1
1293	566	-1
1294	1138	1
1294	567	-1
1295	1138	1
1295	568	-1
1296	1138	1
1296	569	-1
1297	1138	1
1297	570	-1
1298	1138	1
1298	571	-1
1299	1138	1
1299	572	-1
1300	1138	1
1300	573	-1
1301	1138	1
1301	574	-1
1302	1138	1
1302	575	-1
1303	1138	1
1303	576	-1
1304	1138	1
1304	577	-1
1305	1138	1
1305	578	-1
1306	1138	1
1306	579	-1
1307	1138	1
1307	580	-1
1308	1138	1
1308	581	-1
1309	1138	1
1309	582	-1
1310	1138	1
1310	583	-1
1311	1138	1
1311	584	-1
1312	1138	1
1312	585	-1
1313	1138	1
1313	586	-1
1314	1138	1
1314	587	-1
1315	1138	1
1315	588	-1
1316	1138	1
1316	589	-1
1317	1138	1
1317	590	-1
1318	1138	1
1318	591	-1
1319	1138	1
1319	592	-1
1320	1138	1
1320	593	-1
1321	1138	1
1321	594	-1
1322	1138	1
1322	595	-1
1323	1138	1
1323	596	-1
1324	1138	1
1324	597	-1
1325	1138	1
1325	598	-1
1326	1138	1
1326	599	-1
1327	1138	1
1327	600	-1
1328	1138	1
1328	601	-1
1329	1138	1
1329	602	-1
1330	1138	1
1330	603	-1
1331	1138	1
1331	604	-1
1332	1137	1
1332	644	-1
1333	565	1
1333	566	-1
1333	605	-1
1333	606	1
1334	566	1
1334	567	-1
1334	606	-1
1334	607	1
1335	567	1
1335	568	-1
1335	607	-1
1335	608	1
1336	568	1
1336	569	-1
1336	608	-1
1336	609	1
1337	569	1
1337	570	-1
1337	609	-1
1337	610	1
1338	570	1
1338	571	-1
1338	610	-1
1338	611	1
1339	571	1
1339	572	-1
1339	611	-1
1339	612	1
1340	572	1
1340	573	-1
1340	612	-1
1340	613	1
1341	573	1
1341	574	-1
1341	613	-1
1341	614	1
1342	574	1
1342	575	-1
1342	614	-1
1342	615	1
1343	575	1
1343	576	-1
1343	615	-1
1343	616	1
1344	576	1
1344	577	-1
1344	616	-1
1344	617	1
1345	577	1
1345	578	-1
1345	617	-1
1345	618	1
1346	578	1
1346	579	-1
1346	618	-1
1346	619	1
1347	579	1
1347	580	-1
1347	619	-1
1347	620	1
1348	580	1
1348	581	-1
1348	620	-1
1348	621	1
1349	581	1
1349	582	-1
1349	621	-1
1349	622	1
1350	582	1
1350	583	-1
1350	622	-1
1350	623	1
1351	583	1
1351	584	-1
1351	623	-1
1351	624	1
1352	585	1
1352	586	-1
1352	625	-1
1352	626	1
1353	586	1
1353	587	-1
1353	626	-1
1353	627	1
1354	587	1
1354	588	-1
1354	627	-1
1354	628	1
1355	588	1
1355	589	-1
1355	628	-1
1355	629	1
1356	589	1
1356	590	-1
1356	629	-1
1356	630	1
1357	590	1
1357	591	-1
1357	630	-1
1357	631	1
1358	591	1
1358	592	-1
1358	631	-1
1358	632	1
1359	592	1
1359	593	-1
1359	632	-1
1359	633	1
1360	593	1
1360	594	-1
1360	633	-1
1360	634	1
1361	594	1
1361	595	-1
1361	634	-1
1361	635	1
1362	595	1
1362	596	-1
1362	635	-1
1362	636	1
1363	596	1
1363	597	-1
1363	636	-1
1363	637	1
1364	597	1
1364	598	-1
1364	637	-1
1364	638	1
1365	598	1
1365	599	-1
1365	638	-1
1365	639	1
1366	599	1
1366	600	-1
1366	639	-1
1366	640	1
1367	600	1
1367	601	-1
1367	640	-1
1367	641	1
1368	601	1
1368	602	-1
1368	641	-1
1368	642	1
1369	602	1
1369	603	-1
1369	642	-1
1369	643	1
1370	603	1
1370	604	-1
1370	643	-1
1370	644	1
1371	283	1
1371	584	1
1371	585	-1
1371	624	-1
1371	625	1
1372	565	-1
1372	605	1
1372	646	-1
1373	1137	-1
1373	604	1
1373	645	-1
1374	81	58.19999999999999
1374	82	27.69999999999999
1374	1096	1
1375	83	58.19999999999999
1375	84	27.69999999999999
1375	1097	1
1376	85	58.19999999999999
1376	86	27.69999999999999
1376	1098	1
1377	87	58.19999999999999
1377	88	27.69999999999999
1377	1099	1
1378	89	58.19999999999999
1378	90	27.69999999999999
1378	1100	1
1379	91	58.19999999999999
1379	92	27.69999999999999
1379	1101	1
1380	93	58.19999999999999
1380	94	27.69999999999999
1380	1102	1
1381	95	58.19999999999999
1381	96	27.69999999999999
1381	1103	1
1382	97	58.19999999999999
1382	98	27.69999999999999
1382	1104	1
1383	99	58.19999999999999
1383	100	27.69999999999999
1383	1105	1
1384	101	58.19999999999999
1384	102	27.69999999999999
1384	1106	1
1385	103	58.19999999999999
1385	104	27.69999999999999
1385	1107	1
1386	105	58.19999999999999
1386	106	27.69999999999999
1386	1108	1
1387	107	58.19999999999999
1387	108	27.69999999999999
1387	1109	1
1388	109	58.19999999999999
1388	110	27.69999999999999
1388	1110	1
1389	111	58.19999999999999
1389	112	27.69999999999999
1389	1111	1
1390	113	58.19999999999999
1390	114	27.69999999999999
1390	1112	1
1391	115	58.19999999999999
1391	116	27.69999999999999
1391	1113	1
1392	117	58.19999999999999
1392	118	27.69999999999999
1392	1114	1
1393	119	58.19999999999999
1393	120	27.69999999999999
1393	1115	1
1394	121	58.19999999999999
1394	122	27.69999999999999
1394	1116	1
1395	123	58.19999999999999
1395	124	27.69999999999999
1395	1117	1
1396	125	58.19999999999999
1396	126	27.69999999999999
1396	1118	1
1397	127	58.19999999999999
1397	128	27.69999999999999
1397	1119	1
1398	129	58.19999999999999
1398	130	27.69999999999999
1398	1120	1
1399	131	58.19999999999999
1399	132	27.69999999999999
1399	1121	1
1400	133	58.19999999999999
1400	134	27.69999999999999
1400	1122	1
1401	135	58.19999999999999
1401	136	27.69999999999999
1401	1123	1
1402	137	58.19999999999999
1402	138	27.69999999999999
1402	1124	1
1403	139	58.19999999999999
1403	140	27.69999999999999
1403	1125	1
1404	141	58.19999999999999
1404	142	27.69999999999999
1404	1126	1
1405	143	58.19999999999999
1405	144	27.69999999999999
1405	1127	1
1406	145	58.19999999999999
1406	146	27.69999999999999
1406	1128	1
1407	147	58.19999999999999
1407	148	27.69999999999999
1407	1129	1
1408	149	58.19999999999999
1408	150	27.69999999999999
1408	1130	1
1409	151	58.19999999999999
1409	152	27.69999999999999
1409	1131	1
1410	153	58.19999999999999
1410	154	27.69999999999999
1410	1132	1
1411	155	58.19999999999999
1411	156	27.69999999999999
1411	1133	1
1412	157	58.19999999999999
1412	158	27.69999999999999
1412	1134	1
1413	159	58.19999999999999
1413	160	27.69999999999999
1413	1135	1
1414	161	58.19999999999999
1414	162	27.69999999999999
1414	1136	1
1415	444	58.19999999999999
1415	445	27.69999999999999
1415	1507	1
1416	446	58.19999999999999
1416	447	27.69999999999999
1416	1508	1
1417	448	58.19999999999999
1417	449	27.69999999999999
1417	1509	1
1418	450	58.19999999999999
1418	451	27.69999999999999
1418	1510	1
1419	452	58.19999999999999
1419	453	27.69999999999999
1419	1511	1
1420	454	58.19999999999999
1420	455	27.69999999999999
1420	1512	1
1421	456	58.19999999999999
1421	457	27.69999999999999
1421	1513	1
1422	458	58.19999999999999
1422	459	27.69999999999999
1422	1514	1
1423	460	58.19999999999999
1423	461	27.69999999999999
1423	1515	1
1424	462	58.19999999999999
1424	463	27.69999999999999
1424	1516	1
1425	464	58.19999999999999
1425	465	27.69999999999999
1425	1517	1
1426	466	58.19999999999999
1426	467	27.69999999999999
1426	1518	1
1427	468	58.19999999999999
1427	469	27.69999999999999
1427	1519	1
1428	470	58.19999999999999
1428	471	27.69999999999999
1428	1520	1
1429	472	58.19999999999999
1429	473	27.69999999999999
1429	1521	1
1430	474	58.19999999999999
1430	475	27.69999999999999
1430	1522	1
1431	476	58.19999999999999
1431	477	27.69999999999999
1431	1523	1
1432	478	58.19999999999999
1432	479	27.69999999999999
1432	1524	1
1433	480	58.19999999999999
1433	481	27.69999999999999
1433	1525	1
1434	482	58.19999999999999
1434	483	27.69999999999999
1434	1526	1
1435	484	58.19999999999999
1435	485	27.69999999999999
1435	1527	1
1436	486	58.19999999999999
1436	487	27.69999999999999
1436	1528	1
1437	488	58.19999999999999
1437	489	27.69999999999999
1437	1529	1
1438	490	58.19999999999999
1438	491	27.69999999999999
1438	1530	1
1439	492	58.19999999999999
1439	493	27.69999999999999
1439	1531	1
1440	494	58.19999999999999
1440	495	27.69999999999999
1440	1532	1
1441	496	58.19999999999999
1441	497	27.69999999999999
1441	1533	1
1442	498	58.19999999999999
1442	499	27.69999999999999
1442	1534	1
1443	500	58.19999999999999
1443	501	27.69999999999999
1443	1535	1
1444	502	58.19999999999999
1444	503	27.69999999999999
1444	1536	1
1445	504	58.19999999999999
1445	505	27.69999999999999
1445	1537	1
1446	506	58.19999999999999
1446	507	27.69999999999999
1446	1538	1
1447	508	58.19999999999999
1447	509	27.69999999999999
1447	1539	1
1448	510	58.19999999999999
1448	511	27.69999999999999
1448	1540	1
1449	512	58.19999999999999
1449	513	27.69999999999999
1449	1541	1
1450	514	58.19999999999999
1450	515	27.69999999999999
1450	1542	1
1451	516	58.19999999999999
1451	517	27.69999999999999
1451	1543	1
1452	518	58.19999999999999
1452	519	27.69999999999999
1452	1544	1
1453	520	58.19999999999999
1453	521	27.69999999999999
1453	1545	1
1454	522	58.19999999999999
1454	523	27.69999999999999
1454	1546	1
1455	524	58.19999999999999
1455	525	27.69999999999999
1455	1547	1
