1455	1551	4442
1	1022	-1
1	247	1.173763393145935
1	407	0.021780420744476794
2	1023	-1
2	248	1.173763393145935
2	408	0.41144798999290433
3	1024	-1
3	249	1.2195209122387862
3	409	0.03352749123191281
4	1025	-1
4	250	1.2195209122387862
4	410	0.48972634754750693
5	1026	-1
5	251	1.2628477491694705
5	411	0.048217564955207674
6	1027	-1
6	252	1.2628477491694705
6	412	0.552090371620431
7	1028	-1
7	253	1.3019053022079916
7	413	0.06598561370627798
8	1029	-1
8	254	1.3019053022079916
8	414	0.596706516056979
9	1030	-1
9	255	1.336027910644937
9	415	0.08694732259243863
10	1031	-1
10	256	1.336027910644937
10	416	0.6241169455492517
11	1032	-1
11	257	1.3655448856521615
11	417	0.11120801090486127
12	1033	-1
12	258	1.3655448856521615
12	418	0.6362627638398407
13	1034	-1
13	259	1.391372272233016
13	419	0.13883617902956705
14	1035	-1
14	260	1.391372272233016
14	420	0.6356009977061766
15	1036	-1
15	261	1.4146144061375303
15	421	0.16981343843538232
16	1037	-1
16	262	1.4146144061375303
16	422	0.6245605963432054
17	1038	-1
17	263	1.4362896887335637
17	423	0.2039779290794102
18	1039	-1
18	264	1.4362896887335637
18	424	0.6053179818776643
19	1040	-1
19	265	1.4571868568620563
19	425	0.24097785263169683
20	1041	-1
20	266	1.4571868568620563
20	426	0.5797718609954592
21	1042	-1
21	267	1.4778146956832254
21	427	0.280249312575202
22	1043	-1
22	268	1.4778146956832254
22	428	0.5496015609429697
23	1044	-1
23	269	1.4984080056883196
23	429	0.32102839776820935
24	1045	-1
24	270	1.4984080056883196
24	430	0.5163324929048925
25	1046	-1
25	271	1.5189657604167057
25	431	0.36240040654816874
26	1047	-1
26	272	1.5189657604167057
26	432	0.4813713334680833
27	1048	-1
27	273	1.5393079956066886
27	433	0.4033798185199119
28	1049	-1
28	274	1.5393079956066886
28	434	0.4460025705025582
29	1050	-1
29	275	1.5591424302701695
29	435	0.4430058394231764
30	1051	-1
30	276	1.5591424302701695
30	436	0.4113565779477626
31	1052	-1
31	277	1.5781322266018685
31	437	0.48043372619309305
32	1053	-1
32	278	1.5781322266018685
32	438	0.3783680198240616
33	1054	-1
33	279	1.5959560398893358
33	439	0.5150038535185221
34	1055	-1
34	280	1.5959560398893358
34	440	0.34774319845303997
35	1056	-1
35	281	1.6123529242853472
35	441	0.5462778107789757
36	1057	-1
36	282	1.6123529242853472
36	442	0.3199484615846915
37	1058	-1
37	283	1.6271481320138965
37	443	0.5740403766132542
38	1059	-1
38	284	1.6271481320138965
38	444	0.2952228499662511
39	1060	-1
39	285	1.6402601789601932
39	445	0.5982741808238922
40	1061	-1
40	286	1.6402601789601932
40	446	0.27361059677397
41	1062	-1
41	287	1.651693106416025
41	447	0.6191179265826817
42	1063	-1
42	288	1.651693106416025
42	448	0.2550050623102981
43	1064	-1
43	289	1.7145211769435944
43	449	0.6665283916967609
44	1065	-1
44	290	1.7145211769435944
44	450	0.250447748532945
45	1066	-1
45	291	1.7655580645573419
45	451	0.7079939421273321
46	1067	-1
46	292	1.7655580645573419
46	452	0.2388296270824315
47	1068	-1
47	293	1.805879875920914
47	453	0.7441172028929053
48	1069	-1
48	294	1.805879875920914
48	454	0.22258413296914584
49	1070	-1
49	295	1.8375439976884984
49	455	0.7757558969214063
50	1071	-1
50	296	1.8375439976884984
50	456	0.20375218608617301
51	1072	-1
51	297	1.8626743555803102
51	457	0.8037058307673093
52	1073	-1
52	298	1.8626743555803102
52	458	0.18385377267813802
53	1074	-1
53	299	1.8830303112612385
53	459	0.8285878770673564
54	1075	-1
54	300	1.8830303112612385
54	460	0.16394149422536847
55	1076	-1
55	301	1.89990913512696
55	461	0.8508466648973269
56	1077	-1
56	302	1.89990913512696
56	462	0.14470712017984438
57	1078	-1
57	303	1.9142047723936497
57	463	0.8707917059477223
58	1079	-1
58	304	1.9142047723936497
58	464	0.12658199508002013
59	1080	-1
59	305	1.9265111224813627
59	465	0.8886442175847462
60	1081	-1
60	306	1.9265111224813627
60	466	0.1098145305161373
61	1082	-1
61	307	1.9372188039750482
61	467	0.9045749815802784
62	1083	-1
62	308	1.9372188039750482
62	468	0.0945256757706372
63	1084	-1
63	309	1.9465893310490914
63	469	0.9187299802725417
64	1085	-1
64	310	1.9465893310490914
64	470	0.08074791352696019
65	1086	-1
65	311	1.954806152850514
65	471	0.9312453172791665
66	1087	-1
66	312	1.954806152850514
66	472	0.06845299960312376
67	1088	-1
67	313	1.9620072110597297
67	473	0.9422543258163867
68	1089	-1
68	314	1.9620072110597297
68	474	0.057572143418505764
69	1090	-1
69	315	1.9683043887145564
69	475	0.9518896890841777
70	1091	-1
70	316	1.9683043887145564
70	476	0.04801096209954847
71	1092	-1
71	317	1.9737943633841388
71	477	0.9602827986552034
72	1093	-1
72	318	1.9737943633841388
72	478	0.0396606297266327
73	1094	-1
73	319	1.978564185620347
73	479	0.967561896465765
74	1095	-1
74	320	1.978564185620347
74	480	0.03240611743892744
75	1096	-1
75	321	1.9826938369685887
75	481	0.9738499613184147
76	1097	-1
76	322	1.9826938369685887
76	482	0.026132141701710423
77	1098	-1
77	323	1.986257203210376
77	483	0.9792628634064683
78	1099	-1
78	324	1.986257203210376
78	484	0.02072729311207926
79	1100	-1
79	325	1.9893223219353136
79	485	0.9839080148659903
80	1101	-1
80	326	1.9893223219353136
80	486	0.01608673487280991
81	367	1
81	83	-25.678976309251112
82	368	1
82	84	-25.678976309251112
83	369	1
83	85	-25.678976309251112
84	370	1
84	86	-25.678976309251112
85	371	1
85	87	-25.678976309251112
86	372	1
86	88	-25.678976309251112
87	373	1
87	89	-25.678976309251112
88	374	1
88	90	-25.678976309251112
89	375	1
89	91	-25.678976309251112
90	376	1
90	92	-25.678976309251112
91	377	1
91	93	-25.678976309251112
92	378	1
92	94	-25.678976309251112
93	379	1
93	95	-25.678976309251112
94	380	1
94	96	-25.678976309251112
95	381	1
95	97	-25.678976309251112
96	382	1
96	98	-25.678976309251112
97	383	1
97	99	-25.678976309251112
98	384	1
98	100	-25.678976309251112
99	385	1
99	101	-25.678976309251112
100	386	1
100	102	-25.678976309251112
101	387	1
101	103	-18.94317168978447
102	388	1
102	104	-18.94317168978447
103	389	1
103	105	-18.94317168978447
104	390	1
104	106	-18.94317168978447
105	391	1
105	107	-18.94317168978447
106	392	1
106	108	-18.94317168978447
107	393	1
107	109	-18.94317168978447
108	394	1
108	110	-18.94317168978447
109	395	1
109	111	-18.94317168978447
110	396	1
110	112	-18.94317168978447
111	397	1
111	113	-18.94317168978447
112	398	1
112	114	-18.94317168978447
113	399	1
113	115	-18.94317168978447
114	400	1
114	116	-18.94317168978447
115	401	1
115	117	-18.94317168978447
116	402	1
116	118	-18.94317168978447
117	403	1
117	119	-18.94317168978447
118	404	1
118	120	-18.94317168978447
119	405	1
119	121	-18.94317168978447
120	247	4.859114642695648
120	249	-4.859114642695648
120	3	-5.706904463802384
120	5	5.706904463802384
120	327	0.021780420744476794
120	328	-0.03352749123191281
120	367	-0.02044373815496999
120	368	0.030445721334078777
121	248	4.859114642695648
121	250	-4.859114642695648
121	4	-5.706904463802384
121	6	5.706904463802384
121	327	0.41144798999290433
121	328	-0.48972634754750693
121	367	-0.3981543481676328
121	368	0.4648040556707832
122	249	4.859114642695648
122	251	-4.859114642695648
122	5	-5.706904463802384
122	7	5.706904463802384
122	328	0.03352749123191281
122	329	-0.048217564955207674
122	368	-0.030445721334078777
122	369	0.042953509587548774
123	250	4.859114642695648
123	252	-4.859114642695648
123	6	-5.706904463802384
123	8	5.706904463802384
123	328	0.48972634754750693
123	329	-0.552090371620431
123	368	-0.4648040556707832
123	369	0.5179035852408854
124	251	4.859114642695648
124	253	-4.859114642695648
124	7	-5.706904463802384
124	9	5.706904463802384
124	329	0.048217564955207674
124	330	-0.06598561370627798
124	369	-0.042953509587548774
124	370	0.058082023956950626
125	252	4.859114642695648
125	254	-4.859114642695648
125	8	-5.706904463802384
125	10	5.706904463802384
125	329	0.552090371620431
125	330	-0.596706516056979
125	369	-0.5179035852408854
125	370	0.555891773375973
126	253	4.859114642695648
126	255	-4.859114642695648
126	9	-5.706904463802384
126	11	5.706904463802384
126	330	0.06598561370627798
126	331	-0.08694732259243863
126	370	-0.058082023956950626
126	371	0.07592976393437315
127	254	4.859114642695648
127	256	-4.859114642695648
127	10	-5.706904463802384
127	12	5.706904463802384
127	330	0.596706516056979
127	331	-0.6241169455492517
127	370	-0.555891773375973
127	371	0.5792302434355767
128	255	4.859114642695648
128	257	-4.859114642695648
128	11	-5.706904463802384
128	13	5.706904463802384
128	331	0.08694732259243863
128	332	-0.11120801090486127
128	371	-0.07592976393437315
128	372	0.09658640309027781
129	256	4.859114642695648
129	258	-4.859114642695648
129	12	-5.706904463802384
129	14	5.706904463802384
129	331	0.6241169455492517
129	332	-0.6362627638398407
129	371	-0.5792302434355767
129	372	0.5895717382854763
130	257	4.859114642695648
130	259	-4.859114642695648
130	13	-5.706904463802384
130	15	5.706904463802384
130	332	0.11120801090486127
130	333	-0.13883617902956705
130	372	-0.09658640309027781
130	373	0.12011026572594569
131	258	4.859114642695648
131	260	-4.859114642695648
131	14	-5.706904463802384
131	16	5.706904463802384
131	332	0.6362627638398407
131	333	-0.6356009977061766
131	372	-0.5895717382854763
131	373	0.5890082808231694
132	259	4.859114642695648
132	261	-4.859114642695648
132	15	-5.706904463802384
132	17	5.706904463802384
132	333	0.13883617902956705
132	334	-0.16981343843538232
132	373	-0.12011026572594569
132	374	0.14648569501750222
133	260	4.859114642695648
133	262	-4.859114642695648
133	16	-5.706904463802384
133	18	5.706904463802384
133	333	0.6356009977061766
133	334	-0.6245605963432054
133	373	-0.5890082808231694
133	374	0.579607987432123
134	261	4.859114642695648
134	263	-4.859114642695648
134	17	-5.706904463802384
134	19	5.706904463802384
134	334	0.16981343843538232
134	335	-0.2039779290794102
134	374	-0.14648569501750222
134	375	0.17557487605498714
135	262	4.859114642695648
135	264	-4.859114642695648
135	18	-5.706904463802384
135	20	5.706904463802384
135	334	0.6245605963432054
135	335	-0.6053179818776643
135	374	-0.579607987432123
135	375	0.5632239616141383
136	263	4.859114642695648
136	265	-4.859114642695648
136	19	-5.706904463802384
136	21	5.706904463802384
136	335	0.2039779290794102
136	336	-0.24097785263169683
136	375	-0.17557487605498714
136	376	0.20707827194417844
137	264	4.859114642695648
137	266	-4.859114642695648
137	20	-5.706904463802384
137	22	5.706904463802384
137	335	0.6053179818776643
137	336	-0.5797718609954592
137	375	-0.5632239616141383
137	376	0.5414728474780941
138	265	4.859114642695648
138	267	-4.859114642695648
138	21	-5.706904463802384
138	23	5.706904463802384
138	336	0.24097785263169683
138	337	-0.280249312575202
138	376	-0.20707827194417844
138	377	0.24051575587338714
139	266	4.859114642695648
139	268	-4.859114642695648
139	22	-5.706904463802384
139	24	5.706904463802384
139	336	0.5797718609954592
139	337	-0.5496015609429697
139	376	-0.5414728474780941
139	377	0.515784499629865
140	267	4.859114642695648
140	269	-4.859114642695648
140	23	-5.706904463802384
140	25	5.706904463802384
140	337	0.280249312575202
140	338	-0.32102839776820935
140	377	-0.24051575587338714
140	378	0.2752368996014928
141	268	4.859114642695648
141	270	-4.859114642695648
141	24	-5.706904463802384
141	26	5.706904463802384
141	337	0.5496015609429697
141	338	-0.5163324929048925
141	377	-0.515784499629865
141	378	0.48745772163042594
142	269	4.859114642695648
142	271	-4.859114642695648
142	25	-5.706904463802384
142	27	5.706904463802384
142	338	0.32102839776820935
142	339	-0.36240040654816874
142	378	-0.2752368996014928
142	379	0.3104628850701836
143	270	4.859114642695648
143	272	-4.859114642695648
143	26	-5.706904463802384
143	28	5.706904463802384
143	338	0.5163324929048925
143	339	-0.4813713334680833
143	378	-0.48745772163042594
143	379	0.4576902210730101
144	271	4.859114642695648
144	273	-4.859114642695648
144	27	-5.706904463802384
144	29	5.706904463802384
144	339	0.36240040654816874
144	340	-0.4033798185199119
144	379	-0.3104628850701836
144	380	0.345354595974756
145	272	4.859114642695648
145	274	-4.859114642695648
145	28	-5.706904463802384
145	30	5.706904463802384
145	339	0.4813713334680833
145	340	-0.4460025705025582
145	379	-0.4576902210730101
145	380	0.4275756685908271
146	273	4.859114642695648
146	275	-4.859114642695648
146	29	-5.706904463802384
146	31	5.706904463802384
146	340	0.4033798185199119
146	341	-0.4430058394231764
146	380	-0.345354595974756
146	381	0.3790939689534053
147	274	4.859114642695648
147	276	-4.859114642695648
147	30	-5.706904463802384
147	32	5.706904463802384
147	340	0.4460025705025582
147	341	-0.4113565779477626
147	380	-0.4275756685908271
147	381	0.39807651529692645
148	275	4.859114642695648
148	277	-4.859114642695648
148	31	-5.706904463802384
148	33	5.706904463802384
148	341	0.4430058394231764
148	342	-0.48043372619309305
148	381	-0.3790939689534053
148	382	0.4109617518430427
149	276	4.859114642695648
149	278	-4.859114642695648
149	32	-5.706904463802384
149	34	5.706904463802384
149	341	0.4113565779477626
149	342	-0.3783680198240616
149	381	-0.39807651529692645
149	382	0.3699885760925862
150	277	4.859114642695648
150	279	-4.859114642695648
150	33	-5.706904463802384
150	35	5.706904463802384
150	342	0.48043372619309305
150	343	-0.5150038535185221
150	382	-0.4109617518430427
150	383	0.44039631004694346
151	278	4.859114642695648
151	280	-4.859114642695648
151	34	-5.706904463802384
151	36	5.706904463802384
151	342	0.3783680198240616
151	343	-0.34774319845303997
151	382	-0.3699885760925862
151	383	0.3439132284768071
152	279	4.859114642695648
152	281	-4.859114642695648
152	35	-5.706904463802384
152	37	5.706904463802384
152	343	0.5150038535185221
152	344	-0.5462778107789757
152	383	-0.44039631004694346
152	384	0.4670243610866226
153	280	4.859114642695648
153	282	-4.859114642695648
153	36	-5.706904463802384
153	38	5.706904463802384
153	343	0.34774319845303997
153	344	-0.3199484615846915
153	383	-0.3439132284768071
153	384	0.3202475418545475
154	281	4.859114642695648
154	283	-4.859114642695648
154	37	-5.706904463802384
154	39	5.706904463802384
154	344	0.5462778107789757
154	345	-0.5740403766132542
154	384	-0.4670243610866226
154	385	0.4906626558376603
155	282	4.859114642695648
155	284	-4.859114642695648
155	38	-5.706904463802384
155	40	5.706904463802384
155	344	0.3199484615846915
155	345	-0.2952228499662511
155	384	-0.3202475418545475
155	385	0.29919504624506554
156	283	4.859114642695648
156	285	-4.859114642695648
156	39	-5.706904463802384
156	41	5.706904463802384
156	345	0.5740403766132542
156	346	-0.5982741808238922
156	385	-0.4906626558376603
156	386	0.5112964045373413
157	284	4.859114642695648
157	286	-4.859114642695648
157	40	-5.706904463802384
157	42	5.706904463802384
157	345	0.2952228499662511
157	346	-0.27361059677397
157	385	-0.29919504624506554
157	386	0.28079340375736744
158	287	4.859114642695648
158	289	-4.859114642695648
158	43	-4.296904463802384
158	45	4.296904463802384
158	347	0.6191179265826817
158	348	-0.6665283916967609
158	387	-0.5713885198874404
158	388	0.6250022055546621
159	288	4.859114642695648
159	290	-4.859114642695648
159	44	-4.296904463802384
159	46	4.296904463802384
159	347	0.2550050623102981
159	348	-0.250447748532945
159	387	-0.286265314112308
159	388	0.28111171800535956
160	289	4.859114642695648
160	291	-4.859114642695648
160	45	-4.296904463802384
160	47	4.296904463802384
160	348	0.6665283916967609
160	349	-0.7079939421273321
160	388	-0.6250022055546621
160	389	0.6718931394740367
161	290	4.859114642695648
161	292	-4.859114642695648
161	46	-4.296904463802384
161	48	4.296904463802384
161	348	0.250447748532945
161	349	-0.2388296270824315
161	388	-0.28111171800535956
161	389	0.2679734728937547
162	291	4.859114642695648
162	293	-4.859114642695648
162	47	-4.296904463802384
162	49	4.296904463802384
162	349	0.7079939421273321
162	350	-0.7441172028929053
162	389	-0.6718931394740367
162	390	0.7127427945703737
163	292	4.859114642695648
163	294	-4.859114642695648
163	48	-4.296904463802384
163	50	4.296904463802384
163	349	0.2388296270824315
163	350	-0.22258413296914584
163	389	-0.2679734728937547
163	390	0.2496024062362489
164	293	4.859114642695648
164	295	-4.859114642695648
164	49	-4.296904463802384
164	51	4.296904463802384
164	350	0.7441172028929053
164	351	-0.7757558969214063
164	390	-0.7127427945703737
164	391	0.7485211188782995
165	294	4.859114642695648
165	296	-4.859114642695648
165	50	-4.296904463802384
165	52	4.296904463802384
165	350	0.22258413296914584
165	351	-0.20375218608617301
165	390	-0.2496024062362489
165	391	0.2283064734040212
166	295	4.859114642695648
166	297	-4.859114642695648
166	51	-4.296904463802384
166	53	4.296904463802384
166	351	0.7757558969214063
166	352	-0.8037058307673093
166	391	-0.7485211188782995
166	392	0.7801280428745606
167	296	4.859114642695648
167	298	-4.859114642695648
167	52	-4.296904463802384
167	54	4.296904463802384
167	351	0.20375218608617301
167	352	-0.18385377267813802
167	391	-0.2283064734040212
167	392	0.205804536773356
168	297	4.859114642695648
168	299	-4.859114642695648
168	53	-4.296904463802384
168	55	4.296904463802384
168	352	0.8037058307673093
168	353	-0.8285878770673564
168	392	-0.7801280428745606
168	393	0.8082656746341023
169	298	4.859114642695648
169	300	-4.859114642695648
169	54	-4.296904463802384
169	56	4.296904463802384
169	352	0.18385377267813802
169	353	-0.16394149422536847
169	392	-0.205804536773356
169	393	0.18328692098571503
170	299	4.859114642695648
170	301	-4.859114642695648
170	55	-4.296904463802384
170	57	4.296904463802384
170	353	0.8285878770673564
170	354	-0.8508466648973269
170	393	-0.8082656746341023
170	394	0.8334368188321464
171	300	4.859114642695648
171	302	-4.859114642695648
171	56	-4.296904463802384
171	58	4.296904463802384
171	353	0.16394149422536847
171	354	-0.14470712017984438
171	393	-0.18328692098571503
171	394	0.16153590712300622
172	301	4.859114642695648
172	303	-4.859114642695648
172	57	-4.296904463802384
172	59	4.296904463802384
172	354	0.8508466648973269
172	355	-0.8707917059477223
172	394	-0.8334368188321464
172	395	0.8559914838993281
173	302	4.859114642695648
173	304	-4.859114642695648
173	58	-4.296904463802384
173	60	4.296904463802384
173	354	0.14470712017984438
173	355	-0.12658199508002013
173	394	-0.16153590712300622
173	395	0.14103927716406914
174	303	4.859114642695648
174	305	-4.859114642695648
174	59	-4.296904463802384
174	61	4.296904463802384
174	355	0.8707917059477223
174	356	-0.8886442175847462
174	395	-0.8559914838993281
174	396	0.8761798314468365
175	304	4.859114642695648
175	306	-4.859114642695648
175	60	-4.296904463802384
175	62	4.296904463802384
175	355	0.12658199508002013
175	356	-0.1098145305161373
175	395	-0.14103927716406914
175	396	0.12207794505642304
176	305	4.859114642695648
176	307	-4.859114642695648
176	61	-4.296904463802384
176	63	4.296904463802384
176	356	0.8886442175847462
176	357	-0.9045749815802784
176	396	-0.8761798314468365
176	397	0.8941949884608075
177	306	4.859114642695648
177	308	-4.859114642695648
177	62	-4.296904463802384
177	64	4.296904463802384
177	356	0.1098145305161373
177	357	-0.0945256757706372
177	396	-0.12207794505642304
177	397	0.10478868517656781
178	307	4.859114642695648
178	309	-4.859114642695648
178	63	-4.296904463802384
178	65	4.296904463802384
178	357	0.9045749815802784
178	358	-0.9187299802725417
178	397	-0.8941949884608075
178	398	0.9102020377173381
179	308	4.859114642695648
179	310	-4.859114642695648
179	64	-4.296904463802384
179	66	4.296904463802384
179	357	0.0945256757706372
179	358	-0.08074791352696019
179	397	-0.10478868517656781
179	398	0.08920823026635212
180	309	4.859114642695648
180	311	-4.859114642695648
180	65	-4.296904463802384
180	67	4.296904463802384
180	358	0.9187299802725417
180	359	-0.9312453172791665
180	398	-0.9102020377173381
180	399	0.9243548907327587
181	310	4.859114642695648
181	312	-4.859114642695648
181	66	-4.296904463802384
181	68	4.296904463802384
181	358	0.08074791352696019
181	359	-0.06845299960312376
181	398	-0.08920823026635212
181	399	0.07530464065394203
182	311	4.859114642695648
182	313	-4.859114642695648
182	67	-4.296904463802384
182	69	4.296904463802384
182	359	0.9312453172791665
182	360	-0.9422543258163867
182	399	-0.9243548907327587
182	400	0.9368043261406068
183	312	4.859114642695648
183	314	-4.859114642695648
183	68	-4.296904463802384
183	70	4.296904463802384
183	359	0.06845299960312376
183	360	-0.057572143418505764
183	399	-0.07530464065394203
183	400	0.06300012514789895
184	313	4.859114642695648
184	315	-4.859114642695648
184	69	-4.296904463802384
184	71	4.296904463802384
184	360	0.9422543258163867
184	361	-0.9518896890841777
184	400	-0.9368043261406068
184	401	0.9477003875095369
185	314	4.859114642695648
185	316	-4.859114642695648
185	70	-4.296904463802384
185	72	4.296904463802384
185	360	0.057572143418505764
185	361	-0.04801096209954847
185	400	-0.06300012514789895
185	401	0.05218795174920376
186	315	4.859114642695648
186	317	-4.859114642695648
186	71	-4.296904463802384
186	73	4.296904463802384
186	361	0.9518896890841777
186	362	-0.9602827986552034
186	401	-0.9477003875095369
186	402	0.9571916577834025
187	316	4.859114642695648
187	318	-4.859114642695648
187	72	-4.296904463802384
187	74	4.296904463802384
187	361	0.04801096209954847
187	362	-0.0396606297266327
187	401	-0.05218795174920376
187	402	0.04274505567388894
188	317	4.859114642695648
188	319	-4.859114642695648
188	73	-4.296904463802384
188	75	4.296904463802384
188	362	0.9602827986552034
188	363	-0.967561896465765
188	402	-0.9571916577834025
188	403	0.9654231581689195
189	318	4.859114642695648
189	320	-4.859114642695648
189	74	-4.296904463802384
189	76	4.296904463802384
189	362	0.0396606297266327
189	363	-0.03240611743892744
189	402	-0.04274505567388894
189	403	0.03454135759933827
190	319	4.859114642695648
190	321	-4.859114642695648
190	75	-4.296904463802384
190	77	4.296904463802384
190	363	0.967561896465765
190	364	-0.9738499613184147
190	403	-0.9654231581689195
190	404	0.9725339581067114
191	320	4.859114642695648
191	322	-4.859114642695648
191	76	-4.296904463802384
191	78	4.296904463802384
191	363	0.03240611743892744
191	364	-0.026132141701710423
191	403	-0.03454135759933827
191	404	0.02744649020732927
192	321	4.859114642695648
192	323	-4.859114642695648
192	77	-4.296904463802384
192	79	4.296904463802384
192	364	0.9738499613184147
192	365	-0.9792628634064683
192	404	-0.9725339581067114
192	405	0.9786550883324359
193	322	4.859114642695648
193	324	-4.859114642695648
193	78	-4.296904463802384
193	80	4.296904463802384
193	364	0.026132141701710423
193	365	-0.02072729311207926
193	404	-0.02744649020732927
193	405	0.02133446720575511
194	323	4.859114642695648
194	325	-4.859114642695648
194	79	-4.296904463802384
194	81	4.296904463802384
194	365	0.9792628634064683
194	366	-0.9839080148659903
194	405	-0.9786550883324359
194	406	0.9839080148659903
195	324	4.859114642695648
195	326	-4.859114642695648
195	80	-4.296904463802384
195	82	4.296904463802384
195	365	0.02072729311207926
195	366	-0.01608673487280991
195	405	-0.02133446720575511
195	406	0.01608673487280991
196	285	4.859114642695648
196	287	-4.859114642695648
196	41	-5.706904463802384
196	43	4.296904463802384
196	346	0.5982741808238922
196	347	-0.6191179265826817
196	386	-0.5112964045373413
196	387	0.5713885198874404
197	286	4.859114642695648
197	288	-4.859114642695648
197	42	-5.706904463802384
197	44	4.296904463802384
197	346	0.27361059677397
197	347	-0.2550050623102981
197	386	-0.28079340375736744
197	387	0.286265314112308
198	247	-4.859114642695648
198	1	-0.847789821106736
198	3	5.706904463802384
198	327	-0.021780420744476794
198	367	0.02044373815496999
198	123	-0.012782530188770614
199	248	-4.859114642695648
199	2	-0.847789821106736
199	4	5.706904463802384
199	327	-0.41144798999290433
199	367	0.3981543481676328
199	123	-0.3219617259143287
200	325	4.859114642695648
200	81	-4.859114642695648
200	366	0.9839080148659903
200	406	-0.9839080148659903
200	122	-0.9839080148659903
201	326	4.859114642695648
201	82	-4.859114642695648
201	366	0.01608673487280991
201	406	-0.01608673487280991
201	122	-0.01608673487280991
202	1431	-1
202	487	1.0028357986241412
202	647	8.277346437359468e-07
203	1432	-1
203	488	1.0028357986241412
203	648	0.008482097230165329
204	1433	-1
204	489	1.0039985369851778
204	649	1.5066014650443962e-06
205	1434	-1
205	490	1.0039985369851778
205	650	0.011945577185438478
206	1435	-1
206	491	1.005431139046341
206	651	2.6211506616141803e-06
207	1436	-1
207	492	1.005431139046341
207	652	0.016201471615277782
208	1437	-1
208	493	1.007191740001109
208	653	4.446731750535587e-06
209	1438	-1
209	494	1.007191740001109
209	654	0.02141449446160441
210	1439	-1
210	495	1.0093486716117537
210	655	7.428547266813131e-06
211	1440	-1
211	496	1.0093486716117537
211	656	0.027775107488185857
212	1441	-1
212	497	1.0119810520177392
212	657	1.2282388359326836e-05
213	1442	-1
213	498	1.0119810520177392
213	658	0.0354991940516652
214	1443	-1
214	499	1.0151787341522793
214	659	2.0151318954251276e-05
215	1444	-1
215	500	1.0151787341522793
215	660	0.04482512797885806
216	1445	-1
216	501	1.019041223382747
216	661	3.284598979526856e-05
217	1446	-1
217	502	1.019041223382747
217	662	0.05600702084046578
218	1447	-1
218	503	1.0236750841941549
218	663	5.3207132318888614e-05
219	1448	-1
219	504	1.0236750841941549
219	664	0.06930280269085179
220	1449	-1
220	505	1.029189311707463
220	665	8.56417746435714e-05
221	1450	-1
221	506	1.029189311707463
221	666	0.08495591798257407
222	1451	-1
222	507	1.035688206929588
222	667	0.00013689876969160837
223	1452	-1
223	508	1.035688206929588
223	668	0.10316999214163039
224	1453	-1
224	509	1.0432615434875472
224	669	0.00021716232369530176
225	1454	-1
225	510	1.0432615434875472
225	670	0.12407703099884104
226	1455	-1
226	511	1.0519723233672378
226	671	0.0003415517439350687
227	1456	-1
227	512	1.0519723233672378
227	672	0.1477016193850727
228	1457	-1
228	513	1.061843214349447
228	673	0.0005321195435245044
229	1458	-1
229	514	1.061843214349447
229	674	0.17392596135281885
230	1459	-1
230	515	1.0728437475421626
230	675	0.0008204389841823292
231	1460	-1
231	516	1.0728437475421626
231	676	0.2024627901303752
232	1461	-1
232	517	1.084881256229633
232	677	0.0012508715804525601
233	1462	-1
233	518	1.084881256229633
233	678	0.2328440985483602
234	1463	-1
234	519	1.097798918277736
234	679	0.0018846154616667982
235	1464	-1
235	520	1.097798918277736
235	680	0.2644321805560358
236	1465	-1
236	521	1.1113836691979804
236	681	0.002804667752707268
237	1466	-1
237	522	1.1113836691979804
237	682	0.29645515224380625
238	1467	-1
238	523	1.1253849925583976
238	683	0.004121890193954005
239	1468	-1
239	524	1.1253849925583976
239	684	0.3280627609452394
240	1469	-1
240	525	1.1395430111908647
240	685	0.005982428470096266
241	1470	-1
241	526	1.1395430111908647
241	686	0.35839207284639196
242	1471	-1
242	527	1.1536217822849535
242	687	0.008576755694018091
243	1472	-1
243	528	1.1536217822849535
243	688	0.3866291842958147
244	1473	-1
244	529	1.1652189949461877
244	689	0.008738588300146413
245	1474	-1
245	530	1.1652189949461877
245	690	0.41226879544881173
246	1475	-1
246	531	1.1797297793638613
246	691	0.008937775357836231
247	1476	-1
247	532	1.1797297793638613
247	692	0.4436381179309347
248	1477	-1
248	533	1.1974846339577647
248	693	0.009177119436716823
249	1478	-1
249	534	1.1974846339577647
249	694	0.48098296811054225
250	1479	-1
250	535	1.218624077326518
250	695	0.009457004792197497
251	1480	-1
251	536	1.218624077326518
251	696	0.5240216770897786
252	1481	-1
252	537	1.242991115221755
252	697	0.009775002677237495
253	1482	-1
253	538	1.242991115221755
253	698	0.5718045580606579
254	1483	-1
254	539	1.2700522561656413
254	699	0.010126475503793341
255	1484	-1
255	540	1.2700522561656413
255	700	0.6227027567860277
256	1485	-1
256	541	1.2988919553522364
256	701	0.010506571162782195
257	1486	-1
257	542	1.2988919553522364
257	702	0.674579216369166
258	1487	-1
258	543	1.3283103954976947
258	703	0.010913591678944788
259	1488	-1
259	544	1.3283103954976947
259	704	0.7251213543624345
260	1489	-1
260	545	1.3570131843728765
260	705	0.011353291790821982
261	1490	-1
261	546	1.3570131843728765
261	706	0.772232515758416
262	1491	-1
262	547	1.3838349414340554
262	707	0.01184357583687138
263	1492	-1
263	548	1.3838349414340554
263	708	0.8143460330080158
264	1493	-1
264	549	1.4079200750144927
264	709	0.012419473633781824
265	1494	-1
265	550	1.4079200750144927
265	710	0.8505680174295009
266	1495	-1
266	551	1.4288081499443355
266	711	0.013138989539749757
267	1496	-1
267	552	1.4288081499443355
267	712	0.880639439026967
268	1497	-1
268	553	1.4464192321346094
268	713	0.014091097938933627
269	1498	-1
269	554	1.4464192321346094
269	714	0.9047758873949513
270	1499	-1
270	555	1.460973268803043
270	715	0.015407643513360538
271	1500	-1
271	556	1.460973268803043
271	716	0.9234628740393419
272	1501	-1
272	557	1.4728889856975285
272	717	0.017281279479474214
273	1502	-1
273	558	1.4728889856975285
273	718	0.9372646963234715
274	1503	-1
274	559	1.4826971130594442
274	719	0.01999199993279785
275	1504	-1
275	560	1.4826971130594442
275	720	0.9466722542116451
276	1505	-1
276	561	1.4909849886033038
276	721	0.023945331180573654
277	1506	-1
277	562	1.4909849886033038
277	722	0.9519893108612891
278	1507	-1
278	563	1.498375678964151
278	723	0.029725616904718553
279	1508	-1
279	564	1.498375678964151
279	724	0.9532434654660535
280	1509	-1
280	565	1.5055377845134612
280	725	0.038167403026053384
281	1510	-1
281	566	1.5055377845134612
281	726	0.9501054488521573
282	607	1
282	206	-21.30271284743938
283	608	1
283	207	-21.30271284743938
284	609	1
284	208	-21.30271284743938
285	610	1
285	209	-21.30271284743938
286	611	1
286	210	-21.30271284743938
287	612	1
287	211	-21.30271284743938
288	613	1
288	212	-21.30271284743938
289	614	1
289	213	-21.30271284743938
290	615	1
290	214	-21.30271284743938
291	616	1
291	215	-21.30271284743938
292	617	1
292	216	-21.30271284743938
293	618	1
293	217	-21.30271284743938
294	619	1
294	218	-21.30271284743938
295	620	1
295	219	-21.30271284743938
296	621	1
296	220	-21.30271284743938
297	622	1
297	221	-21.30271284743938
298	623	1
298	222	-21.30271284743938
299	624	1
299	223	-21.30271284743938
300	625	1
300	224	-21.30271284743938
301	626	1
301	225	-21.30271284743938
302	627	1
302	226	-15.622911228065973
303	628	1
303	227	-15.622911228065973
304	629	1
304	228	-15.622911228065973
305	630	1
305	229	-15.622911228065973
306	631	1
306	230	-15.622911228065973
307	632	1
307	231	-15.622911228065973
308	633	1
308	232	-15.622911228065973
309	634	1
309	233	-15.622911228065973
310	635	1
310	234	-15.622911228065973
311	636	1
311	235	-15.622911228065973
312	637	1
312	236	-15.622911228065973
313	638	1
313	237	-15.622911228065973
314	639	1
314	238	-15.622911228065973
315	640	1
315	239	-15.622911228065973
316	641	1
316	240	-15.622911228065973
317	642	1
317	241	-15.622911228065973
318	643	1
318	242	-15.622911228065973
319	644	1
319	243	-15.622911228065973
320	645	1
320	244	-15.622911228065973
321	487	2.6942936496815446
321	489	-2.6942936496815446
321	126	-3.258158854291841
321	128	3.258158854291841
321	567	8.277346437359468e-07
321	568	-1.5066014650443962e-06
321	607	-7.563128336186384e-07
321	608	1.3176932482677016e-06
322	488	2.6942936496815446
322	490	-2.6942936496815446
322	127	-3.258158854291841
322	129	3.258158854291841
322	567	0.008482097230165329
322	568	-0.011945577185438478
322	607	-0.007995561344688618
322	608	0.010859642706185448
323	489	2.6942936496815446
323	491	-2.6942936496815446
323	128	-3.258158854291841
323	130	3.258158854291841
323	568	1.5066014650443962e-06
323	569	-2.6211506616141803e-06
323	608	-1.3176932482677016e-06
323	609	2.239355745942118e-06
324	490	2.6942936496815446
324	492	-2.6942936496815446
324	129	-3.258158854291841
324	131	3.258158854291841
324	568	0.011945577185438478
324	569	-0.016201471615277782
324	608	-0.010859642706185448
324	609	0.014379001290725819
325	491	2.6942936496815446
325	493	-2.6942936496815446
325	130	-3.258158854291841
325	132	3.258158854291841
325	569	2.6211506616141803e-06
325	570	-4.446731750535587e-06
325	609	-2.239355745942118e-06
325	610	3.7489971608722795e-06
326	492	2.6942936496815446
326	494	-2.6942936496815446
326	131	-3.258158854291841
326	133	3.258158854291841
326	569	0.016201471615277782
326	570	-0.02141449446160441
326	609	-0.014379001290725819
326	610	0.018689845229185733
327	493	2.6942936496815446
327	495	-2.6942936496815446
327	132	-3.258158854291841
327	134	3.258158854291841
327	570	4.446731750535587e-06
327	571	-7.428547266813131e-06
327	610	-3.7489971608722795e-06
327	611	6.214772152936263e-06
328	494	2.6942936496815446
328	496	-2.6942936496815446
328	133	-3.258158854291841
328	135	3.258158854291841
328	570	0.02141449446160441
328	571	-0.027775107488185857
328	610	-0.018689845229185733
328	611	0.023949674491172322
329	495	2.6942936496815446
329	497	-2.6942936496815446
329	134	-3.258158854291841
329	136	3.258158854291841
329	571	7.428547266813131e-06
329	572	-1.2282388359326836e-05
329	611	-6.214772152936263e-06
329	612	1.022859524696398e-05
330	496	2.6942936496815446
330	498	-2.6942936496815446
330	135	-3.258158854291841
330	137	3.258158854291841
330	571	0.027775107488185857
330	572	-0.0354991940516652
330	611	-0.023949674491172322
330	612	0.030337011114064782
331	497	2.6942936496815446
331	499	-2.6942936496815446
331	136	-3.258158854291841
331	138	3.258158854291841
331	572	1.2282388359326836e-05
331	573	-2.0151318954251276e-05
331	612	-1.022859524696398e-05
331	613	1.6735708839111246e-05
332	498	2.6942936496815446
332	500	-2.6942936496815446
332	137	-3.258158854291841
332	139	3.258158854291841
332	572	0.0354991940516652
332	573	-0.04482512797885806
332	612	-0.030337011114064782
332	613	0.03804897534781603
333	499	2.6942936496815446
333	501	-2.6942936496815446
333	138	-3.258158854291841
333	140	3.258158854291841
333	573	2.0151318954251276e-05
333	574	-3.284598979526856e-05
333	613	-1.6735708839111246e-05
333	614	2.723340788233581e-05
334	500	2.6942936496815446
334	502	-2.6942936496815446
334	139	-3.258158854291841
334	141	3.258158854291841
334	573	0.04482512797885806
334	574	-0.05600702084046578
334	613	-0.03804897534781603
334	614	0.04729570157254522
335	501	2.6942936496815446
335	503	-2.6942936496815446
335	140	-3.258158854291841
335	142	3.258158854291841
335	574	3.284598979526856e-05
335	575	-5.3207132318888614e-05
335	614	-2.723340788233581e-05
335	615	4.4070799656144615e-05
336	502	2.6942936496815446
336	504	-2.6942936496815446
336	141	-3.258158854291841
336	143	3.258158854291841
336	574	0.05600702084046578
336	575	-0.06930280269085179
336	614	-0.04729570157254522
336	615	0.05829048181561403
337	503	2.6942936496815446
337	505	-2.6942936496815446
337	142	-3.258158854291841
337	144	3.258158854291841
337	575	5.3207132318888614e-05
337	576	-8.56417746435714e-05
337	615	-4.4070799656144615e-05
337	616	7.089222086238765e-05
338	504	2.6942936496815446
338	506	-2.6942936496815446
338	143	-3.258158854291841
338	145	3.258158854291841
338	575	0.06930280269085179
338	576	-0.08495591798257407
338	615	-0.05829048181561403
338	616	0.07123462941745122
339	505	2.6942936496815446
339	507	-2.6942936496815446
339	144	-3.258158854291841
339	146	3.258158854291841
339	576	8.56417746435714e-05
339	577	-0.00013689876969160837
339	616	-7.089222086238765e-05
339	617	0.00011327855089173252
340	506	2.6942936496815446
340	508	-2.6942936496815446
340	145	-3.258158854291841
340	147	3.258158854291841
340	576	0.08495591798257407
340	577	-0.10316999214163039
340	616	-0.07123462941745122
340	617	0.08629652987331084
341	507	2.6942936496815446
341	509	-2.6942936496815446
341	146	-3.258158854291841
341	148	3.258158854291841
341	577	0.00013689876969160837
341	578	-0.00021716232369530176
341	617	-0.00011327855089173252
341	618	0.00017965149152483157
342	508	2.6942936496815446
342	510	-2.6942936496815446
342	147	-3.258158854291841
342	149	3.258158854291841
342	577	0.10316999214163039
342	578	-0.12407703099884104
342	617	-0.08629652987331084
342	618	0.1035853437514259
343	509	2.6942936496815446
343	511	-2.6942936496815446
343	148	-3.258158854291841
343	150	3.258158854291841
343	578	0.00021716232369530176
343	579	-0.0003415517439350687
343	618	-0.00017965149152483157
343	619	0.0002825137645392584
344	510	2.6942936496815446
344	512	-2.6942936496815446
344	149	-3.258158854291841
344	151	3.258158854291841
344	578	0.12407703099884104
344	579	-0.1477016193850727
344	618	-0.1035853437514259
344	619	0.12312140116981525
345	511	2.6942936496815446
345	513	-2.6942936496815446
345	150	-3.258158854291841
345	152	3.258158854291841
345	579	0.0003415517439350687
345	580	-0.0005321195435245044
345	619	-0.0002825137645392584
345	620	0.000440101419434307
346	512	2.6942936496815446
346	514	-2.6942936496815446
346	151	-3.258158854291841
346	153	3.258158854291841
346	579	0.1477016193850727
346	580	-0.17392596135281885
346	619	-0.12312140116981525
346	620	0.14480729224545635
347	513	2.6942936496815446
347	515	-2.6942936496815446
347	152	-3.258158854291841
347	154	3.258158854291841
347	580	0.0005321195435245044
347	581	-0.0008204389841823292
347	620	-0.000440101419434307
347	621	0.0006785235695161031
348	514	2.6942936496815446
348	516	-2.6942936496815446
348	153	-3.258158854291841
348	155	3.258158854291841
348	580	0.17392596135281885
348	581	-0.2024627901303752
348	620	-0.14480729224545635
348	621	0.16840546532023384
349	515	2.6942936496815446
349	517	-2.6942936496815446
349	154	-3.258158854291841
349	156	3.258158854291841
349	581	0.0008204389841823292
349	582	-0.0012508715804525601
349	621	-0.0006785235695161031
349	622	0.0010344644135855253
350	516	2.6942936496815446
350	518	-2.6942936496815446
350	155	-3.258158854291841
350	157	3.258158854291841
350	581	0.2024627901303752
350	582	-0.2328440985483602
350	621	-0.16840546532023384
350	622	0.19352890772830061
351	517	2.6942936496815446
351	519	-2.6942936496815446
351	156	-3.258158854291841
351	158	3.258158854291841
351	582	0.0012508715804525601
351	583	-0.0018846154616667982
351	622	-0.0010344644135855253
351	623	0.001558530978155321
352	518	2.6942936496815446
352	520	-2.6942936496815446
352	157	-3.258158854291841
352	159	3.258158854291841
352	582	0.2328440985483602
352	583	-0.2644321805560358
352	622	-0.19352890772830061
352	623	0.21965027643964982
353	519	2.6942936496815446
353	521	-2.6942936496815446
353	158	-3.258158854291841
353	160	3.258158854291841
353	583	0.0018846154616667982
353	584	-0.002804667752707268
353	623	-0.001558530978155321
353	624	0.002319356696065794
354	520	2.6942936496815446
354	522	-2.6942936496815446
354	159	-3.258158854291841
354	161	3.258158854291841
354	583	0.2644321805560358
354	584	-0.29645515224380625
354	623	-0.21965027643964982
354	624	0.24613127172466376
355	521	2.6942936496815446
355	523	-2.6942936496815446
355	160	-3.258158854291841
355	162	3.258158854291841
355	584	0.002804667752707268
355	585	-0.004121890193954005
355	624	-0.002319356696065794
355	625	0.003408617294924722
356	522	2.6942936496815446
356	524	-2.6942936496815446
356	161	-3.258158854291841
356	163	3.258158854291841
356	584	0.29645515224380625
356	585	-0.3280627609452394
356	624	-0.24613127172466376
356	625	0.2722687877918797
357	523	2.6942936496815446
357	525	-2.6942936496815446
357	162	-3.258158854291841
357	164	3.258158854291841
357	585	0.004121890193954005
357	586	-0.005982428470096266
357	625	-0.003408617294924722
357	626	0.004947166118135689
358	524	2.6942936496815446
358	526	-2.6942936496815446
358	163	-3.258158854291841
358	165	3.258158854291841
358	585	0.3280627609452394
358	586	-0.35839207284639196
358	625	-0.2722687877918797
358	626	0.29734923233363547
359	527	2.6942936496815446
359	529	-2.6942936496815446
359	166	-2.410369033185105
359	168	2.410369033185105
359	587	0.008576755694018091
359	588	-0.008738588300146413
359	627	-0.005091184575909569
359	628	0.005272079930591209
360	528	2.6942936496815446
360	530	-2.6942936496815446
360	167	-2.410369033185105
360	169	2.410369033185105
360	587	0.3866291842958147
360	588	-0.41226879544881173
360	627	-0.32025562074055625
360	628	0.34891539886653994
361	529	2.6942936496815446
361	531	-2.6942936496815446
361	168	-2.410369033185105
361	170	2.410369033185105
361	588	0.008738588300146413
361	589	-0.008937775357836231
361	628	-0.005272079930591209
361	629	0.005494729829775147
362	530	2.6942936496815446
362	532	-2.6942936496815446
362	169	-2.410369033185105
362	171	2.410369033185105
362	588	0.41226879544881173
362	589	-0.4436381179309347
362	628	-0.34891539886653994
362	629	0.38397980825597905
363	531	2.6942936496815446
363	533	-2.6942936496815446
363	170	-2.410369033185105
363	172	2.410369033185105
363	589	0.008937775357836231
363	590	-0.009177119436716823
363	629	-0.005494729829775147
363	630	0.005762266966141003
364	532	2.6942936496815446
364	534	-2.6942936496815446
364	171	-2.410369033185105
364	173	2.410369033185105
364	589	0.4436381179309347
364	590	-0.48098296811054225
364	629	-0.38397980825597905
364	630	0.4257236207207539
365	533	2.6942936496815446
365	535	-2.6942936496815446
365	172	-2.410369033185105
365	174	2.410369033185105
365	590	0.009177119436716823
365	591	-0.009457004792197497
365	630	-0.005762266966141003
365	631	0.00607512085764792
366	534	2.6942936496815446
366	536	-2.6942936496815446
366	173	-2.410369033185105
366	175	2.410369033185105
366	590	0.48098296811054225
366	591	-0.5240216770897786
366	630	-0.4257236207207539
366	631	0.4738319887282142
367	535	2.6942936496815446
367	537	-2.6942936496815446
367	174	-2.410369033185105
367	176	2.410369033185105
367	591	0.009457004792197497
367	592	-0.009775002677237495
367	631	-0.00607512085764792
367	632	0.006430576667801115
368	536	2.6942936496815446
368	538	-2.6942936496815446
368	175	-2.410369033185105
368	177	2.410369033185105
368	591	0.5240216770897786
368	592	-0.5718045580606579
368	631	-0.4738319887282142
368	632	0.5272433589956802
369	537	2.6942936496815446
369	539	-2.6942936496815446
369	176	-2.410369033185105
369	178	2.410369033185105
369	592	0.009775002677237495
369	593	-0.010126475503793341
369	632	-0.006430576667801115
369	633	0.006823450533101928
370	538	2.6942936496815446
370	540	-2.6942936496815446
370	177	-2.410369033185105
370	179	2.410369033185105
370	592	0.5718045580606579
370	593	-0.6227027567860277
370	632	-0.5272433589956802
370	633	0.5841370096382691
371	539	2.6942936496815446
371	541	-2.6942936496815446
371	178	-2.410369033185105
371	180	2.410369033185105
371	593	0.010126475503793341
371	594	-0.010506571162782195
371	633	-0.006823450533101928
371	634	0.007248318799957593
372	540	2.6942936496815446
372	542	-2.6942936496815446
372	179	-2.410369033185105
372	181	2.410369033185105
372	593	0.6227027567860277
372	594	-0.674579216369166
372	633	-0.5841370096382691
372	634	0.642124153395474
373	541	2.6942936496815446
373	543	-2.6942936496815446
373	180	-2.410369033185105
373	182	2.410369033185105
373	594	0.010506571162782195
373	595	-0.010913591678944788
373	634	-0.007248318799957593
373	635	0.007703283483515852
374	542	2.6942936496815446
374	544	-2.6942936496815446
374	181	-2.410369033185105
374	183	2.410369033185105
374	594	0.674579216369166
374	595	-0.7251213543624345
374	634	-0.642124153395474
374	635	0.6986198017787214
375	543	2.6942936496815446
375	545	-2.6942936496815446
375	182	-2.410369033185105
375	184	2.410369033185105
375	595	0.010913591678944788
375	596	-0.011353291790821982
375	635	-0.007703283483515852
375	636	0.008194777190271016
376	544	2.6942936496815446
376	546	-2.6942936496815446
376	183	-2.410369033185105
376	185	2.410369033185105
376	595	0.7251213543624345
376	596	-0.772232515758416
376	635	-0.6986198017787214
376	636	0.7512803284875688
377	545	2.6942936496815446
377	547	-2.6942936496815446
377	184	-2.410369033185105
377	186	2.410369033185105
377	596	0.011353291790821982
377	597	-0.01184357583687138
377	636	-0.008194777190271016
377	637	0.008742813264474566
378	546	2.6942936496815446
378	548	-2.6942936496815446
378	185	-2.410369033185105
378	187	2.410369033185105
378	596	0.772232515758416
378	597	-0.8143460330080158
378	636	-0.7512803284875688
378	637	0.7983545235000361
379	547	2.6942936496815446
379	549	-2.6942936496815446
379	186	-2.410369033185105
379	188	2.410369033185105
379	597	0.01184357583687138
379	598	-0.012419473633781824
379	637	-0.008742813264474566
379	638	0.009386547790067154
380	548	2.6942936496815446
380	550	-2.6942936496815446
380	187	-2.410369033185105
380	189	2.410369033185105
380	597	0.8143460330080158
380	598	-0.8505680174295009
380	637	-0.7983545235000361
380	638	0.8388432043085364
381	549	2.6942936496815446
381	551	-2.6942936496815446
381	188	-2.410369033185105
381	190	2.410369033185105
381	598	0.012419473633781824
381	599	-0.013138989539749757
381	638	-0.009386547790067154
381	639	0.01019081763265131
382	550	2.6942936496815446
382	552	-2.6942936496815446
382	189	-2.410369033185105
382	191	2.410369033185105
382	598	0.8505680174295009
382	599	-0.880639439026967
382	638	-0.8388432043085364
382	639	0.8724568290039162
383	551	2.6942936496815446
383	553	-2.6942936496815446
383	190	-2.410369033185105
383	192	2.410369033185105
383	599	0.013138989539749757
383	600	-0.014091097938933627
383	639	-0.01019081763265131
383	640	0.011255077736038576
384	552	2.6942936496815446
384	554	-2.6942936496815446
384	191	-2.410369033185105
384	193	2.410369033185105
384	599	0.880639439026967
384	600	-0.9047758873949513
384	639	-0.8724568290039162
384	640	0.8994363821340087
385	553	2.6942936496815446
385	555	-2.6942936496815446
385	192	-2.410369033185105
385	194	2.410369033185105
385	600	0.014091097938933627
385	601	-0.015407643513360538
385	640	-0.011255077736038576
385	641	0.012726703162883954
386	554	2.6942936496815446
386	556	-2.6942936496815446
386	193	-2.410369033185105
386	195	2.410369033185105
386	600	0.9047758873949513
386	601	-0.9234628740393419
386	640	-0.8994363821340087
386	641	0.9203245650692887
387	555	2.6942936496815446
387	557	-2.6942936496815446
387	194	-2.410369033185105
387	196	2.410369033185105
387	601	0.015407643513360538
387	602	-0.017281279479474214
387	641	-0.012726703162883954
387	642	0.014821040329936086
388	556	2.6942936496815446
388	558	-2.6942936496815446
388	195	-2.410369033185105
388	197	2.410369033185105
388	601	0.9234628740393419
388	602	-0.9372646963234715
388	641	-0.9203245650692887
388	642	0.9357521454590159
389	557	2.6942936496815446
389	559	-2.6942936496815446
389	196	-2.410369033185105
389	198	2.410369033185105
389	602	0.017281279479474214
389	603	-0.01999199993279785
389	642	-0.014821040329936086
389	643	0.01785106467718604
390	558	2.6942936496815446
390	560	-2.6942936496815446
390	197	-2.410369033185105
390	199	2.410369033185105
390	602	0.9372646963234715
390	603	-0.9466722542116451
390	642	-0.9357521454590159
390	643	0.9462678478522352
391	559	2.6942936496815446
391	561	-2.6942936496815446
391	198	-2.410369033185105
391	200	2.410369033185105
391	603	0.01999199993279785
391	604	-0.023945331180573654
391	643	-0.01785106467718604
391	644	0.022270070672177088
392	560	2.6942936496815446
392	562	-2.6942936496815446
392	199	-2.410369033185105
392	201	2.410369033185105
392	603	0.9466722542116451
392	604	-0.9519893108612891
392	643	-0.9462678478522352
392	644	0.9522112165839471
393	561	2.6942936496815446
393	563	-2.6942936496815446
393	200	-2.410369033185105
393	202	2.410369033185105
393	604	0.023945331180573654
393	605	-0.029725616904718553
393	644	-0.022270070672177088
393	645	0.028731233592217548
394	562	2.6942936496815446
394	564	-2.6942936496815446
394	201	-2.410369033185105
394	203	2.410369033185105
394	604	0.9519893108612891
394	605	-0.9532434654660535
394	644	-0.9522112165839471
394	645	0.9536131018424875
395	563	2.6942936496815446
395	565	-2.6942936496815446
395	202	-2.410369033185105
395	204	2.410369033185105
395	605	0.029725616904718553
395	606	-0.038167403026053384
395	645	-0.028731233592217548
395	646	0.03816740302605339
396	564	2.6942936496815446
396	566	-2.6942936496815446
396	203	-2.410369033185105
396	205	2.410369033185105
396	605	0.9532434654660535
396	606	-0.9501054488521573
396	645	-0.9536131018424875
396	646	0.9501054488521573
397	1	0.847789821106736
397	123	0.012782530188770614
397	525	2.6942936496815446
397	527	-2.6942936496815446
397	164	-3.258158854291841
397	166	2.410369033185105
397	586	0.005982428470096266
397	587	-0.008576755694018091
397	626	-0.004947166118135689
397	627	0.005091184575909569
398	2	0.847789821106736
398	123	0.3219617259143287
398	526	2.6942936496815446
398	528	-2.6942936496815446
398	165	-3.258158854291841
398	167	2.410369033185105
398	586	0.35839207284639196
398	587	-0.3866291842958147
398	626	-0.29734923233363547
398	627	0.32025562074055625
399	487	-2.6942936496815446
399	124	-0.5638652046102965
399	126	3.258158854291841
399	567	-8.277346437359468e-07
399	607	7.563128336186384e-07
399	246	-4.15040966349646e-07
400	488	-2.6942936496815446
400	125	-0.5638652046102965
400	127	3.258158854291841
400	567	-0.008482097230165329
400	607	0.007995561344688618
400	246	-0.005670767166349517
401	565	2.6942936496815446
401	204	-2.6942936496815446
401	606	0.038167403026053384
401	646	-0.03816740302605339
401	245	-0.03816740302605339
402	566	2.6942936496815446
402	205	-2.6942936496815446
402	606	0.9501054488521573
402	646	-0.9501054488521573
402	245	-0.9501054488521573
403	1	-1
403	735	-1
404	2	-1
404	736	-1
405	3	-1
405	737	-1
406	4	-1
406	738	-1
407	5	-1
407	739	-1
408	6	-1
408	740	-1
409	7	-1
409	741	-1
410	8	-1
410	742	-1
411	9	-1
411	743	-1
412	10	-1
412	744	-1
413	11	-1
413	745	-1
414	12	-1
414	746	-1
415	13	-1
415	747	-1
416	14	-1
416	748	-1
417	15	-1
417	749	-1
418	16	-1
418	750	-1
419	17	-1
419	751	-1
420	18	-1
420	752	-1
421	19	-1
421	753	-1
422	20	-1
422	754	-1
423	21	-1
423	755	-1
424	22	-1
424	756	-1
425	23	-1
425	757	-1
426	24	-1
426	758	-1
427	25	-1
427	759	-1
428	26	-1
428	760	-1
429	27	-1
429	761	-1
430	28	-1
430	762	-1
431	29	-1
431	763	-1
432	30	-1
432	764	-1
433	31	-1
433	765	-1
434	32	-1
434	766	-1
435	33	-1
435	767	-1
436	34	-1
436	768	-1
437	35	-1
437	769	-1
438	36	-1
438	770	-1
439	37	-1
439	771	-1
440	38	-1
440	772	-1
441	39	-1
441	773	-1
442	40	-1
442	774	-1
443	41	-1
443	775	-1
444	42	-1
444	776	-1
445	43	-1
445	777	-1
446	44	-1
446	778	-1
447	45	-1
447	779	-1
448	46	-1
448	780	-1
449	47	-1
449	781	-1
450	48	-1
450	782	-1
451	49	-1
451	783	-1
452	50	-1
452	784	-1
453	51	-1
453	785	-1
454	52	-1
454	786	-1
455	53	-1
455	787	-1
456	54	-1
456	788	-1
457	55	-1
457	789	-1
458	56	-1
458	790	-1
459	57	-1
459	791	-1
460	58	-1
460	792	-1
461	59	-1
461	793	-1
462	60	-1
462	794	-1
463	61	-1
463	795	-1
464	62	-1
464	796	-1
465	63	-1
465	797	-1
466	64	-1
466	798	-1
467	65	-1
467	799	-1
468	66	-1
468	800	-1
469	67	-1
469	801	-1
470	68	-1
470	802	-1
471	69	-1
471	803	-1
472	70	-1
472	804	-1
473	71	-1
473	805	-1
474	72	-1
474	806	-1
475	73	-1
475	807	-1
476	74	-1
476	808	-1
477	75	-1
477	809	-1
478	76	-1
478	810	-1
479	77	-1
479	811	-1
480	78	-1
480	812	-1
481	79	-1
481	813	-1
482	80	-1
482	814	-1
483	81	-1
483	815	-1
484	82	-1
484	816	-1
485	83	-1
485	818	-1
486	84	-1
486	819	-1
487	85	-1
487	820	-1
488	86	-1
488	821	-1
489	87	-1
489	822	-1
490	88	-1
490	823	-1
491	89	-1
491	824	-1
492	90	-1
492	825	-1
493	91	-1
493	826	-1
494	92	-1
494	827	-1
495	93	-1
495	828	-1
496	94	-1
496	829	-1
497	95	-1
497	830	-1
498	96	-1
498	831	-1
499	97	-1
499	832	-1
500	98	-1
500	833	-1
501	99	-1
501	834	-1
502	100	-1
502	835	-1
503	101	-1
503	836	-1
504	102	-1
504	837	-1
505	103	-1
505	838	-1
506	104	-1
506	839	-1
507	105	-1
507	840	-1
508	106	-1
508	841	-1
509	107	-1
509	842	-1
510	108	-1
510	843	-1
511	109	-1
511	844	-1
512	110	-1
512	845	-1
513	111	-1
513	846	-1
514	112	-1
514	847	-1
515	113	-1
515	848	-1
516	114	-1
516	849	-1
517	115	-1
517	850	-1
518	116	-1
518	851	-1
519	117	-1
519	852	-1
520	118	-1
520	853	-1
521	119	-1
521	854	-1
522	120	-1
522	855	-1
523	121	-1
523	856	-1
524	83	1
524	859	-1
525	84	1
525	860	-1
526	85	1
526	861	-1
527	86	1
527	862	-1
528	87	1
528	863	-1
529	88	1
529	864	-1
530	89	1
530	865	-1
531	90	1
531	866	-1
532	91	1
532	867	-1
533	92	1
533	868	-1
534	93	1
534	869	-1
535	94	1
535	870	-1
536	95	1
536	871	-1
537	96	1
537	872	-1
538	97	1
538	873	-1
539	98	1
539	874	-1
540	99	1
540	875	-1
541	100	1
541	876	-1
542	101	1
542	877	-1
543	102	1
543	878	-1
544	103	1
544	879	-1
545	104	1
545	880	-1
546	105	1
546	881	-1
547	106	1
547	882	-1
548	107	1
548	883	-1
549	108	1
549	884	-1
550	109	1
550	885	-1
551	110	1
551	886	-1
552	111	1
552	887	-1
553	112	1
553	888	-1
554	113	1
554	889	-1
555	114	1
555	890	-1
556	115	1
556	891	-1
557	116	1
557	892	-1
558	117	1
558	893	-1
559	118	1
559	894	-1
560	119	1
560	895	-1
561	120	1
561	896	-1
562	121	1
562	897	-1
563	327	-1
563	899	-1
564	328	-1
564	900	-1
565	329	-1
565	901	-1
566	330	-1
566	902	-1
567	331	-1
567	903	-1
568	332	-1
568	904	-1
569	333	-1
569	905	-1
570	334	-1
570	906	-1
571	335	-1
571	907	-1
572	336	-1
572	908	-1
573	337	-1
573	909	-1
574	338	-1
574	910	-1
575	339	-1
575	911	-1
576	340	-1
576	912	-1
577	341	-1
577	913	-1
578	342	-1
578	914	-1
579	343	-1
579	915	-1
580	344	-1
580	916	-1
581	345	-1
581	917	-1
582	346	-1
582	918	-1
583	347	-1
583	919	-1
584	348	-1
584	920	-1
585	349	-1
585	921	-1
586	350	-1
586	922	-1
587	351	-1
587	923	-1
588	352	-1
588	924	-1
589	353	-1
589	925	-1
590	354	-1
590	926	-1
591	355	-1
591	927	-1
592	356	-1
592	928	-1
593	357	-1
593	929	-1
594	358	-1
594	930	-1
595	359	-1
595	931	-1
596	360	-1
596	932	-1
597	361	-1
597	933	-1
598	362	-1
598	934	-1
599	363	-1
599	935	-1
600	364	-1
600	936	-1
601	365	-1
601	937	-1
602	366	-1
602	938	-1
603	367	-1
603	939	-1
604	368	-1
604	940	-1
605	369	-1
605	941	-1
606	370	-1
606	942	-1
607	371	-1
607	943	-1
608	372	-1
608	944	-1
609	373	-1
609	945	-1
610	374	-1
610	946	-1
611	375	-1
611	947	-1
612	376	-1
612	948	-1
613	377	-1
613	949	-1
614	378	-1
614	950	-1
615	379	-1
615	951	-1
616	380	-1
616	952	-1
617	381	-1
617	953	-1
618	382	-1
618	954	-1
619	383	-1
619	955	-1
620	384	-1
620	956	-1
621	385	-1
621	957	-1
622	386	-1
622	958	-1
623	387	-1
623	959	-1
624	388	-1
624	960	-1
625	389	-1
625	961	-1
626	390	-1
626	962	-1
627	391	-1
627	963	-1
628	392	-1
628	964	-1
629	393	-1
629	965	-1
630	394	-1
630	966	-1
631	395	-1
631	967	-1
632	396	-1
632	968	-1
633	397	-1
633	969	-1
634	398	-1
634	970	-1
635	399	-1
635	971	-1
636	400	-1
636	972	-1
637	401	-1
637	973	-1
638	402	-1
638	974	-1
639	403	-1
639	975	-1
640	404	-1
640	976	-1
641	405	-1
641	977	-1
642	406	-1
642	978	-1
643	122	-1
643	979	-1
644	123	-1
644	980	-1
645	124	-1
645	1143	-1
646	125	-1
646	1144	-1
647	126	-1
647	1145	-1
648	127	-1
648	1146	-1
649	128	-1
649	1147	-1
650	129	-1
650	1148	-1
651	130	-1
651	1149	-1
652	131	-1
652	1150	-1
653	132	-1
653	1151	-1
654	133	-1
654	1152	-1
655	134	-1
655	1153	-1
656	135	-1
656	1154	-1
657	136	-1
657	1155	-1
658	137	-1
658	1156	-1
659	138	-1
659	1157	-1
660	139	-1
660	1158	-1
661	140	-1
661	1159	-1
662	141	-1
662	1160	-1
663	142	-1
663	1161	-1
664	143	-1
664	1162	-1
665	144	-1
665	1163	-1
666	145	-1
666	1164	-1
667	146	-1
667	1165	-1
668	147	-1
668	1166	-1
669	148	-1
669	1167	-1
670	149	-1
670	1168	-1
671	150	-1
671	1169	-1
672	151	-1
672	1170	-1
673	152	-1
673	1171	-1
674	153	-1
674	1172	-1
675	154	-1
675	1173	-1
676	155	-1
676	1174	-1
677	156	-1
677	1175	-1
678	157	-1
678	1176	-1
679	158	-1
679	1177	-1
680	159	-1
680	1178	-1
681	160	-1
681	1179	-1
682	161	-1
682	1180	-1
683	162	-1
683	1181	-1
684	163	-1
684	1182	-1
685	164	-1
685	1183	-1
686	165	-1
686	1184	-1
687	166	-1
687	1185	-1
688	167	-1
688	1186	-1
689	168	-1
689	1187	-1
690	169	-1
690	1188	-1
691	170	-1
691	1189	-1
692	171	-1
692	1190	-1
693	172	-1
693	1191	-1
694	173	-1
694	1192	-1
695	174	-1
695	1193	-1
696	175	-1
696	1194	-1
697	176	-1
697	1195	-1
698	177	-1
698	1196	-1
699	178	-1
699	1197	-1
700	179	-1
700	1198	-1
701	180	-1
701	1199	-1
702	181	-1
702	1200	-1
703	182	-1
703	1201	-1
704	183	-1
704	1202	-1
705	184	-1
705	1203	-1
706	185	-1
706	1204	-1
707	186	-1
707	1205	-1
708	187	-1
708	1206	-1
709	188	-1
709	1207	-1
710	189	-1
710	1208	-1
711	190	-1
711	1209	-1
712	191	-1
712	1210	-1
713	192	-1
713	1211	-1
714	193	-1
714	1212	-1
715	194	-1
715	1213	-1
716	195	-1
716	1214	-1
717	196	-1
717	1215	-1
718	197	-1
718	1216	-1
719	198	-1
719	1217	-1
720	199	-1
720	1218	-1
721	200	-1
721	1219	-1
722	201	-1
722	1220	-1
723	202	-1
723	1221	-1
724	203	-1
724	1222	-1
725	204	-1
725	1223	-1
726	205	-1
726	1224	-1
727	206	-1
727	1227	-1
728	207	-1
728	1228	-1
729	208	-1
729	1229	-1
730	209	-1
730	1230	-1
731	210	-1
731	1231	-1
732	211	-1
732	1232	-1
733	212	-1
733	1233	-1
734	213	-1
734	1234	-1
735	214	-1
735	1235	-1
736	215	-1
736	1236	-1
737	216	-1
737	1237	-1
738	217	-1
738	1238	-1
739	218	-1
739	1239	-1
740	219	-1
740	1240	-1
741	220	-1
741	1241	-1
742	221	-1
742	1242	-1
743	222	-1
743	1243	-1
744	223	-1
744	1244	-1
745	224	-1
745	1245	-1
746	225	-1
746	1246	-1
747	226	-1
747	1247	-1
748	227	-1
748	1248	-1
749	228	-1
749	1249	-1
750	229	-1
750	1250	-1
751	230	-1
751	1251	-1
752	231	-1
752	1252	-1
753	232	-1
753	1253	-1
754	233	-1
754	1254	-1
755	234	-1
755	1255	-1
756	235	-1
756	1256	-1
757	236	-1
757	1257	-1
758	237	-1
758	1258	-1
759	238	-1
759	1259	-1
760	239	-1
760	1260	-1
761	240	-1
761	1261	-1
762	241	-1
762	1262	-1
763	242	-1
763	1263	-1
764	243	-1
764	1264	-1
765	244	-1
765	1265	-1
766	206	1
766	1268	-1
767	207	1
767	1269	-1
768	208	1
768	1270	-1
769	209	1
769	1271	-1
770	210	1
770	1272	-1
771	211	1
771	1273	-1
772	212	1
772	1274	-1
773	213	1
773	1275	-1
774	214	1
774	1276	-1
775	215	1
775	1277	-1
776	216	1
776	1278	-1
777	217	1
777	1279	-1
778	218	1
778	1280	-1
779	219	1
779	1281	-1
780	220	1
780	1282	-1
781	221	1
781	1283	-1
782	222	1
782	1284	-1
783	223	1
783	1285	-1
784	224	1
784	1286	-1
785	225	1
785	1287	-1
786	226	1
786	1288	-1
787	227	1
787	1289	-1
788	228	1
788	1290	-1
789	229	1
789	1291	-1
790	230	1
790	1292	-1
791	231	1
791	1293	-1
792	232	1
792	1294	-1
793	233	1
793	1295	-1
794	234	1
794	1296	-1
795	235	1
795	1297	-1
796	236	1
796	1298	-1
797	237	1
797	1299	-1
798	238	1
798	1300	-1
799	239	1
799	1301	-1
800	240	1
800	1302	-1
801	241	1
801	1303	-1
802	242	1
802	1304	-1
803	243	1
803	1305	-1
804	244	1
804	1306	-1
805	567	-1
805	1308	-1
806	568	-1
806	1309	-1
807	569	-1
807	1310	-1
808	570	-1
808	1311	-1
809	571	-1
809	1312	-1
810	572	-1
810	1313	-1
811	573	-1
811	1314	-1
812	574	-1
812	1315	-1
813	575	-1
813	1316	-1
814	576	-1
814	1317	-1
815	577	-1
815	1318	-1
816	578	-1
816	1319	-1
817	579	-1
817	1320	-1
818	580	-1
818	1321	-1
819	581	-1
819	1322	-1
820	582	-1
820	1323	-1
821	583	-1
821	1324	-1
822	584	-1
822	1325	-1
823	585	-1
823	1326	-1
824	586	-1
824	1327	-1
825	587	-1
825	1328	-1
826	588	-1
826	1329	-1
827	589	-1
827	1330	-1
828	590	-1
828	1331	-1
829	591	-1
829	1332	-1
830	592	-1
830	1333	-1
831	593	-1
831	1334	-1
832	594	-1
832	1335	-1
833	595	-1
833	1336	-1
834	596	-1
834	1337	-1
835	597	-1
835	1338	-1
836	598	-1
836	1339	-1
837	599	-1
837	1340	-1
838	600	-1
838	1341	-1
839	601	-1
839	1342	-1
840	602	-1
840	1343	-1
841	603	-1
841	1344	-1
842	604	-1
842	1345	-1
843	605	-1
843	1346	-1
844	606	-1
844	1347	-1
845	607	-1
845	1348	-1
846	608	-1
846	1349	-1
847	609	-1
847	1350	-1
848	610	-1
848	1351	-1
849	611	-1
849	1352	-1
850	612	-1
850	1353	-1
851	613	-1
851	1354	-1
852	614	-1
852	1355	-1
853	615	-1
853	1356	-1
854	616	-1
854	1357	-1
855	617	-1
855	1358	-1
856	618	-1
856	1359	-1
857	619	-1
857	1360	-1
858	620	-1
858	1361	-1
859	621	-1
859	1362	-1
860	622	-1
860	1363	-1
861	623	-1
861	1364	-1
862	624	-1
862	1365	-1
863	625	-1
863	1366	-1
864	626	-1
864	1367	-1
865	627	-1
865	1368	-1
866	628	-1
866	1369	-1
867	629	-1
867	1370	-1
868	630	-1
868	1371	-1
869	631	-1
869	1372	-1
870	632	-1
870	1373	-1
871	633	-1
871	1374	-1
872	634	-1
872	1375	-1
873	635	-1
873	1376	-1
874	636	-1
874	1377	-1
875	637	-1
875	1378	-1
876	638	-1
876	1379	-1
877	639	-1
877	1380	-1
878	640	-1
878	1381	-1
879	641	-1
879	1382	-1
880	642	-1
880	1383	-1
881	643	-1
881	1384	-1
882	644	-1
882	1385	-1
883	645	-1
883	1386	-1
884	646	-1
884	1387	-1
885	245	-1
885	1388	-1
886	246	-1
886	1389	-1
887	81	-1
887	815	-1
888	205	-1
888	1224	-1
889	124	1
889	125	1
889	1225	-1
890	1	-2
890	1022	1
891	2	-1.5
891	1023	1
892	3	-2
892	1024	1
893	4	-1.5
893	1025	1
894	5	-2
894	1026	1
895	6	-1.5
895	1027	1
896	7	-2
896	1028	1
897	8	-1.5
897	1029	1
898	9	-2
898	1030	1
899	10	-1.5
899	1031	1
900	11	-2
900	1032	1
901	12	-1.5
901	1033	1
902	13	-2
902	1034	1
903	14	-1.5
903	1035	1
904	15	-2
904	1036	1
905	16	-1.5
905	1037	1
906	17	-2
906	1038	1
907	18	-1.5
907	1039	1
908	19	-2
908	1040	1
909	20	-1.5
909	1041	1
910	21	-2
910	1042	1
911	22	-1.5
911	1043	1
912	23	-2
912	1044	1
913	24	-1.5
913	1045	1
914	25	-2
914	1046	1
915	26	-1.5
915	1047	1
916	27	-2
916	1048	1
917	28	-1.5
917	1049	1
918	29	-2
918	1050	1
919	30	-1.5
919	1051	1
920	31	-2
920	1052	1
921	32	-1.5
921	1053	1
922	33	-2
922	1054	1
923	34	-1.5
923	1055	1
924	35	-2
924	1056	1
925	36	-1.5
925	1057	1
926	37	-2
926	1058	1
927	38	-1.5
927	1059	1
928	39	-2
928	1060	1
929	40	-1.5
929	1061	1
930	41	-2
930	1062	1
931	42	-1.5
931	1063	1
932	43	-2
932	1064	1
933	44	-1.5
933	1065	1
934	45	-2
934	1066	1
935	46	-1.5
935	1067	1
936	47	-2
936	1068	1
937	48	-1.5
937	1069	1
938	49	-2
938	1070	1
939	50	-1.5
939	1071	1
940	51	-2
940	1072	1
941	52	-1.5
941	1073	1
942	53	-2
942	1074	1
943	54	-1.5
943	1075	1
944	55	-2
944	1076	1
945	56	-1.5
945	1077	1
946	57	-2
946	1078	1
947	58	-1.5
947	1079	1
948	59	-2
948	1080	1
949	60	-1.5
949	1081	1
950	61	-2
950	1082	1
951	62	-1.5
951	1083	1
952	63	-2
952	1084	1
953	64	-1.5
953	1085	1
954	65	-2
954	1086	1
955	66	-1.5
955	1087	1
956	67	-2
956	1088	1
957	68	-1.5
957	1089	1
958	69	-2
958	1090	1
959	70	-1.5
959	1091	1
960	71	-2
960	1092	1
961	72	-1.5
961	1093	1
962	73	-2
962	1094	1
963	74	-1.5
963	1095	1
964	75	-2
964	1096	1
965	76	-1.5
965	1097	1
966	77	-2
966	1098	1
967	78	-1.5
967	1099	1
968	79	-2
968	1100	1
969	80	-1.5
969	1101	1
970	1	-1
970	2	-0.5
970	407	1
971	1	-1
971	2	-0.5
971	408	1
972	3	-1
972	4	-0.5
972	409	1
973	3	-1
973	4	-0.5
973	410	1
974	5	-1
974	6	-0.5
974	411	1
975	5	-1
975	6	-0.5
975	412	1
976	7	-1
976	8	-0.5
976	413	1
977	7	-1
977	8	-0.5
977	414	1
978	9	-1
978	10	-0.5
978	415	1
979	9	-1
979	10	-0.5
979	416	1
980	11	-1
980	12	-0.5
980	417	1
981	11	-1
981	12	-0.5
981	418	1
982	13	-1
982	14	-0.5
982	419	1
983	13	-1
983	14	-0.5
983	420	1
984	15	-1
984	16	-0.5
984	421	1
985	15	-1
985	16	-0.5
985	422	1
986	17	-1
986	18	-0.5
986	423	1
987	17	-1
987	18	-0.5
987	424	1
988	19	-1
988	20	-0.5
988	425	1
989	19	-1
989	20	-0.5
989	426	1
990	21	-1
990	22	-0.5
990	427	1
991	21	-1
991	22	-0.5
991	428	1
992	23	-1
992	24	-0.5
992	429	1
993	23	-1
993	24	-0.5
993	430	1
994	25	-1
994	26	-0.5
994	431	1
995	25	-1
995	26	-0.5
995	432	1
996	27	-1
996	28	-0.5
996	433	1
997	27	-1
997	28	-0.5
997	434	1
998	29	-1
998	30	-0.5
998	435	1
999	29	-1
999	30	-0.5
999	436	1
1000	31	-1
1000	32	-0.5
1000	437	1
1001	31	-1
1001	32	-0.5
1001	438	1
1002	33	-1
1002	34	-0.5
1002	439	1
1003	33	-1
1003	34	-0.5
1003	440	1
1004	35	-1
1004	36	-0.5
1004	441	1
1005	35	-1
1005	36	-0.5
1005	442	1
1006	37	-1
1006	38	-0.5
1006	443	1
1007	37	-1
1007	38	-0.5
1007	444	1
1008	39	-1
1008	40	-0.5
1008	445	1
1009	39	-1
1009	40	-0.5
1009	446	1
1010	41	-1
1010	42	-0.5
1010	447	1
1011	41	-1
1011	42	-0.5
1011	448	1
1012	43	-1
1012	44	-0.5
1012	449	1
1013	43	-1
1013	44	-0.5
1013	450	1
1014	45	-1
1014	46	-0.5
1014	451	1
1015	45	-1
1015	46	-0.5
1015	452	1
1016	47	-1
1016	48	-0.5
1016	453	1
1017	47	-1
1017	48	-0.5
1017	454	1
1018	49	-1
1018	50	-0.5
1018	455	1
1019	49	-1
1019	50	-0.5
1019	456	1
1020	51	-1
1020	52	-0.5
1020	457	1
1021	51	-1
1021	52	-0.5
1021	458	1
1022	53	-1
1022	54	-0.5
1022	459	1
1023	53	-1
1023	54	-0.5
1023	460	1
1024	55	-1
1024	56	-0.5
1024	461	1
1025	55	-1
1025	56	-0.5
1025	462	1
1026	57	-1
1026	58	-0.5
1026	463	1
1027	57	-1
1027	58	-0.5
1027	464	1
1028	59	-1
1028	60	-0.5
1028	465	1
1029	59	-1
1029	60	-0.5
1029	466	1
1030	61	-1
1030	62	-0.5
1030	467	1
1031	61	-1
1031	62	-0.5
1031	468	1
1032	63	-1
1032	64	-0.5
1032	469	1
1033	63	-1
1033	64	-0.5
1033	470	1
1034	65	-1
1034	66	-0.5
1034	471	1
1035	65	-1
1035	66	-0.5
1035	472	1
1036	67	-1
1036	68	-0.5
1036	473	1
1037	67	-1
1037	68	-0.5
1037	474	1
1038	69	-1
1038	70	-0.5
1038	475	1
1039	69	-1
1039	70	-0.5
1039	476	1
1040	71	-1
1040	72	-0.5
1040	477	1
1041	71	-1
1041	72	-0.5
1041	478	1
1042	73	-1
1042	74	-0.5
1042	479	1
1043	73	-1
1043	74	-0.5
1043	480	1
1044	75	-1
1044	76	-0.5
1044	481	1
1045	75	-1
1045	76	-0.5
1045	482	1
1046	77	-1
1046	78	-0.5
1046	483	1
1047	77	-1
1047	78	-0.5
1047	484	1
1048	79	-1
1048	80	-0.5
1048	485	1
1049	79	-1
1049	80	-0.5
1049	486	1
1050	728	1
1050	327	-1
1051	728	1
1051	328	-1
1052	728	1
1052	329	-1
1053	728	1
1053	330	-1
1054	728	1
1054	331	-1
1055	728	1
1055	332	-1
1056	728	1
1056	333	-1
1057	728	1
1057	334	-1
1058	728	1
1058	335	-1
1059	728	1
1059	336	-1
1060	728	1
1060	337	-1
1061	728	1
1061	338	-1
1062	728	1
1062	339	-1
1063	728	1
1063	340	-1
1064	728	1
1064	341	-1
1065	728	1
1065	342	-1
1066	728	1
1066	343	-1
1067	728	1
1067	344	-1
1068	728	1
1068	345	-1
1069	728	1
1069	346	-1
1070	728	-1
1070	347	1
1071	728	-1
1071	348	1
1072	728	-1
1072	349	1
1073	728	-1
1073	350	1
1074	728	-1
1074	351	1
1075	728	-1
1075	352	1
1076	728	-1
1076	353	1
1077	728	-1
1077	354	1
1078	728	-1
1078	355	1
1079	728	-1
1079	356	1
1080	728	-1
1080	357	1
1081	728	-1
1081	358	1
1082	728	-1
1082	359	1
1083	728	-1
1083	360	1
1084	728	-1
1084	361	1
1085	728	-1
1085	362	1
1086	728	-1
1086	363	1
1087	728	-1
1087	364	1
1088	728	-1
1088	365	1
1089	728	-1
1089	366	1
1090	727	1
1090	406	-1
1091	327	1
1091	328	-1
1091	367	-1
1091	368	1
1092	328	1
1092	329	-1
1092	368	-1
1092	369	1
1093	329	1
1093	330	-1
1093	369	-1
1093	370	1
1094	330	1
1094	331	-1
1094	370	-1
1094	371	1
1095	331	1
1095	332	-1
1095	371	-1
1095	372	1
1096	332	1
1096	333	-1
1096	372	-1
1096	373	1
1097	333	1
1097	334	-1
1097	373	-1
1097	374	1
1098	334	1
1098	335	-1
1098	374	-1
1098	375	1
1099	335	1
1099	336	-1
1099	375	-1
1099	376	1
1100	336	1
1100	337	-1
1100	376	-1
1100	377	1
1101	337	1
1101	338	-1
1101	377	-1
1101	378	1
1102	338	1
1102	339	-1
1102	378	-1
1102	379	1
1103	339	1
1103	340	-1
1103	379	-1
1103	380	1
1104	340	1
1104	341	-1
1104	380	-1
1104	381	1
1105	341	1
1105	342	-1
1105	381	-1
1105	382	1
1106	342	1
1106	343	-1
1106	382	-1
1106	383	1
1107	343	1
1107	344	-1
1107	383	-1
1107	384	1
1108	344	1
1108	345	-1
1108	384	-1
1108	385	1
1109	345	1
1109	346	-1
1109	385	-1
1109	386	1
1110	347	1
1110	348	-1
1110	387	-1
1110	388	1
1111	348	1
1111	349	-1
1111	388	-1
1111	389	1
1112	349	1
1112	350	-1
1112	389	-1
1112	390	1
1113	350	1
1113	351	-1
1113	390	-1
1113	391	1
1114	351	1
1114	352	-1
1114	391	-1
1114	392	1
1115	352	1
1115	353	-1
1115	392	-1
1115	393	1
1116	353	1
1116	354	-1
1116	393	-1
1116	394	1
1117	354	1
1117	355	-1
1117	394	-1
1117	395	1
1118	355	1
1118	356	-1
1118	395	-1
1118	396	1
1119	356	1
1119	357	-1
1119	396	-1
1119	397	1
1120	357	1
1120	358	-1
1120	397	-1
1120	398	1
1121	358	1
1121	359	-1
1121	398	-1
1121	399	1
1122	359	1
1122	360	-1
1122	399	-1
1122	400	1
1123	360	1
1123	361	-1
1123	400	-1
1123	401	1
1124	361	1
1124	362	-1
1124	401	-1
1124	402	1
1125	362	1
1125	363	-1
1125	402	-1
1125	403	1
1126	363	1
1126	364	-1
1126	403	-1
1126	404	1
1127	364	1
1127	365	-1
1127	404	-1
1127	405	1
1128	365	1
1128	366	-1
1128	405	-1
1128	406	1
1129	346	1
1129	347	-1
1129	386	-1
1129	387	1
1130	327	-1
1130	367	1
1130	123	-1
1131	727	-1
1131	366	1
1131	122	-1
1132	124	-2
1132	1431	1
1133	125	-1.5
1133	1432	1
1134	126	-2
1134	1433	1
1135	127	-1.5
1135	1434	1
1136	128	-2
1136	1435	1
1137	129	-1.5
1137	1436	1
1138	130	-2
1138	1437	1
1139	131	-1.5
1139	1438	1
1140	132	-2
1140	1439	1
1141	133	-1.5
1141	1440	1
1142	134	-2
1142	1441	1
1143	135	-1.5
1143	1442	1
1144	136	-2
1144	1443	1
1145	137	-1.5
1145	1444	1
1146	138	-2
1146	1445	1
1147	139	-1.5
1147	1446	1
1148	140	-2
1148	1447	1
1149	141	-1.5
1149	1448	1
1150	142	-2
1150	1449	1
1151	143	-1.5
1151	1450	1
1152	144	-2
1152	1451	1
1153	145	-1.5
1153	1452	1
1154	146	-2
1154	1453	1
1155	147	-1.5
1155	1454	1
1156	148	-2
1156	1455	1
1157	149	-1.5
1157	1456	1
1158	150	-2
1158	1457	1
1159	151	-1.5
1159	1458	1
1160	152	-2
1160	1459	1
1161	153	-1.5
1161	1460	1
1162	154	-2
1162	1461	1
1163	155	-1.5
1163	1462	1
1164	156	-2
1164	1463	1
1165	157	-1.5
1165	1464	1
1166	158	-2
1166	1465	1
1167	159	-1.5
1167	1466	1
1168	160	-2
1168	1467	1
1169	161	-1.5
1169	1468	1
1170	162	-2
1170	1469	1
1171	163	-1.5
1171	1470	1
1172	164	-2
1172	1471	1
1173	165	-1.5
1173	1472	1
1174	166	-2
1174	1473	1
1175	167	-1.5
1175	1474	1
1176	168	-2
1176	1475	1
1177	169	-1.5
1177	1476	1
1178	170	-2
1178	1477	1
1179	171	-1.5
1179	1478	1
1180	172	-2
1180	1479	1
1181	173	-1.5
1181	1480	1
1182	174	-2
1182	1481	1
1183	175	-1.5
1183	1482	1
1184	176	-2
1184	1483	1
1185	177	-1.5
1185	1484	1
1186	178	-2
1186	1485	1
1187	179	-1.5
1187	1486	1
1188	180	-2
1188	1487	1
1189	181	-1.5
1189	1488	1
1190	182	-2
1190	1489	1
1191	183	-1.5
1191	1490	1
1192	184	-2
1192	1491	1
1193	185	-1.5
1193	1492	1
1194	186	-2
1194	1493	1
1195	187	-1.5
1195	1494	1
1196	188	-2
1196	1495	1
1197	189	-1.5
1197	1496	1
1198	190	-2
1198	1497	1
1199	191	-1.5
1199	1498	1
1200	192	-2
1200	1499	1
1201	193	-1.5
1201	1500	1
1202	194	-2
1202	1501	1
1203	195	-1.5
1203	1502	1
1204	196	-2
1204	1503	1
1205	197	-1.5
1205	1504	1
1206	198	-2
1206	1505	1
1207	199	-1.5
1207	1506	1
1208	200	-2
1208	1507	1
1209	201	-1.5
1209	1508	1
1210	202	-2
1210	1509	1
1211	203	-1.5
1211	1510	1
1212	124	-1
1212	125	-0.5
1212	647	1
1213	124	-1
1213	125	-0.5
1213	648	1
1214	126	-1
1214	127	-0.5
1214	649	1
1215	126	-1
1215	127	-0.5
1215	650	1
1216	128	-1
1216	129	-0.5
1216	651	1
1217	128	-1
1217	129	-0.5
1217	652	1
1218	130	-1
1218	131	-0.5
1218	653	1
1219	130	-1
1219	131	-0.5
1219	654	1
1220	132	-1
1220	133	-0.5
1220	655	1
1221	132	-1
1221	133	-0.5
1221	656	1
1222	134	-1
1222	135	-0.5
1222	657	1
1223	134	-1
1223	135	-0.5
1223	658	1
1224	136	-1
1224	137	-0.5
1224	659	1
1225	136	-1
1225	137	-0.5
1225	660	1
1226	138	-1
1226	139	-0.5
1226	661	1
1227	138	-1
1227	139	-0.5
1227	662	1
1228	140	-1
1228	141	-0.5
1228	663	1
1229	140	-1
1229	141	-0.5
1229	664	1
1230	142	-1
1230	143	-0.5
1230	665	1
1231	142	-1
1231	143	-0.5
1231	666	1
1232	144	-1
1232	145	-0.5
1232	667	1
1233	144	-1
1233	145	-0.5
1233	668	1
1234	146	-1
1234	147	-0.5
1234	669	1
1235	146	-1
1235	147	-0.5
1235	670	1
1236	148	-1
1236	149	-0.5
1236	671	1
1237	148	-1
1237	149	-0.5
1237	672	1
1238	150	-1
1238	151	-0.5
1238	673	1
1239	150	-1
1239	151	-0.5
1239	674	1
1240	152	-1
1240	153	-0.5
1240	675	1
1241	152	-1
1241	153	-0.5
1241	676	1
1242	154	-1
1242	155	-0.5
1242	677	1
1243	154	-1
1243	155	-0.5
1243	678	1
1244	156	-1
1244	157	-0.5
1244	679	1
1245	156	-1
1245	157	-0.5
1245	680	1
1246	158	-1
1246	159	-0.5
1246	681	1
1247	158	-1
1247	159	-0.5
1247	682	1
1248	160	-1
1248	161	-0.5
1248	683	1
1249	160	-1
1249	161	-0.5
1249	684	1
1250	162	-1
1250	163	-0.5
1250	685	1
1251	162	-1
1251	163	-0.5
1251	686	1
1252	164	-1
1252	165	-0.5
1252	687	1
1253	164	-1
1253	165	-0.5
1253	688	1
1254	166	-1
1254	167	-0.5
1254	689	1
1255	166	-1
1255	167	-0.5
1255	690	1
1256	168	-1
1256	169	-0.5
1256	691	1
1257	168	-1
1257	169	-0.5
1257	692	1
1258	170	-1
1258	171	-0.5
1258	693	1
1259	170	-1
1259	171	-0.5
1259	694	1
1260	172	-1
1260	173	-0.5
1260	695	1
1261	172	-1
1261	173	-0.5
1261	696	1
1262	174	-1
1262	175	-0.5
1262	697	1
1263	174	-1
1263	175	-0.5
1263	698	1
1264	176	-1
1264	177	-0.5
1264	699	1
1265	176	-1
1265	177	-0.5
1265	700	1
1266	178	-1
1266	179	-0.5
1266	701	1
1267	178	-1
1267	179	-0.5
1267	702	1
1268	180	-1
1268	181	-0.5
1268	703	1
1269	180	-1
1269	181	-0.5
1269	704	1
1270	182	-1
1270	183	-0.5
1270	705	1
1271	182	-1
1271	183	-0.5
1271	706	1
1272	184	-1
1272	185	-0.5
1272	707	1
1273	184	-1
1273	185	-0.5
1273	708	1
1274	186	-1
1274	187	-0.5
1274	709	1
1275	186	-1
1275	187	-0.5
1275	710	1
1276	188	-1
1276	189	-0.5
1276	711	1
1277	188	-1
1277	189	-0.5
1277	712	1
1278	190	-1
1278	191	-0.5
1278	713	1
1279	190	-1
1279	191	-0.5
1279	714	1
1280	192	-1
1280	193	-0.5
1280	715	1
1281	192	-1
1281	193	-0.5
1281	716	1
1282	194	-1
1282	195	-0.5
1282	717	1
1283	194	-1
1283	195	-0.5
1283	718	1
1284	196	-1
1284	197	-0.5
1284	719	1
1285	196	-1
1285	197	-0.5
1285	720	1
1286	198	-1
1286	199	-0.5
1286	721	1
1287	198	-1
1287	199	-0.5
1287	722	1
1288	200	-1
1288	201	-0.5
1288	723	1
1289	200	-1
1289	201	-0.5
1289	724	1
1290	202	-1
1290	203	-0.5
1290	725	1
1291	202	-1
1291	203	-0.5
1291	726	1
1292	732	1
1292	567	-1
1293	732	1
1293	568	-1
1294	732	1
1294	569	-1
1295	732	1
1295	570	-1
1296	732	1
1296	571	-1
1297	732	1
1297	572	-1
1298	732	1
1298	573	-1
1299	732	1
1299	574	-1
1300	732	1
1300	575	-1
1301	732	1
1301	576	-1
1302	732	1
1302	577	-1
1303	732	1
1303	578	-1
1304	732	1
1304	579	-1
1305	732	1
1305	580	-1
1306	732	1
1306	581	-1
1307	732	1
1307	582	-1
1308	732	1
1308	583	-1
1309	732	1
1309	584	-1
1310	732	1
1310	585	-1
1311	732	1
1311	586	-1
1312	732	1
1312	587	-1
1313	732	1
1313	588	-1
1314	732	1
1314	589	-1
1315	732	1
1315	590	-1
1316	732	1
1316	591	-1
1317	732	1
1317	592	-1
1318	732	1
1318	593	-1
1319	732	1
1319	594	-1
1320	732	1
1320	595	-1
1321	732	1
1321	596	-1
1322	732	1
1322	597	-1
1323	732	1
1323	598	-1
1324	732	1
1324	599	-1
1325	732	1
1325	600	-1
1326	732	1
1326	601	-1
1327	732	1
1327	602	-1
1328	732	1
1328	603	-1
1329	732	1
1329	604	-1
1330	732	1
1330	605	-1
1331	732	1
1331	606	-1
1332	731	1
1332	646	-1
1333	567	1
1333	568	-1
1333	607	-1
1333	608	1
1334	568	1
1334	569	-1
1334	608	-1
1334	609	1
1335	569	1
1335	570	-1
1335	609	-1
1335	610	1
1336	570	1
1336	571	-1
1336	610	-1
1336	611	1
1337	571	1
1337	572	-1
1337	611	-1
1337	612	1
1338	572	1
1338	573	-1
1338	612	-1
1338	613	1
1339	573	1
1339	574	-1
1339	613	-1
1339	614	1
1340	574	1
1340	575	-1
1340	614	-1
1340	615	1
1341	575	1
1341	576	-1
1341	615	-1
1341	616	1
1342	576	1
1342	577	-1
1342	616	-1
1342	617	1
1343	577	1
1343	578	-1
1343	617	-1
1343	618	1
1344	578	1
1344	579	-1
1344	618	-1
1344	619	1
1345	579	1
1345	580	-1
1345	619	-1
1345	620	1
1346	580	1
1346	581	-1
1346	620	-1
1346	621	1
1347	581	1
1347	582	-1
1347	621	-1
1347	622	1
1348	582	1
1348	583	-1
1348	622	-1
1348	623	1
1349	583	1
1349	584	-1
1349	623	-1
1349	624	1
1350	584	1
1350	585	-1
1350	624	-1
1350	625	1
1351	585	1
1351	586	-1
1351	625	-1
1351	626	1
1352	587	1
1352	588	-1
1352	627	-1
1352	628	1
1353	588	1
1353	589	-1
1353	628	-1
1353	629	1
1354	589	1
1354	590	-1
1354	629	-1
1354	630	1
1355	590	1
1355	591	-1
1355	630	-1
1355	631	1
1356	591	1
1356	592	-1
1356	631	-1
1356	632	1
1357	592	1
1357	593	-1
1357	632	-1
1357	633	1
1358	593	1
1358	594	-1
1358	633	-1
1358	634	1
1359	594	1
1359	595	-1
1359	634	-1
1359	635	1
1360	595	1
1360	596	-1
1360	635	-1
1360	636	1
1361	596	1
1361	597	-1
1361	636	-1
1361	637	1
1362	597	1
1362	598	-1
1362	637	-1
1362	638	1
1363	598	1
1363	599	-1
1363	638	-1
1363	639	1
1364	599	1
1364	600	-1
1364	639	-1
1364	640	1
1365	600	1
1365	601	-1
1365	640	-1
1365	641	1
1366	601	1
1366	602	-1
1366	641	-1
1366	642	1
1367	602	1
1367	603	-1
1367	642	-1
1367	643	1
1368	603	1
1368	604	-1
1368	643	-1
1368	644	1
1369	604	1
1369	605	-1
1369	644	-1
1369	645	1
1370	605	1
1370	606	-1
1370	645	-1
1370	646	1
1371	123	1
1371	586	1
1371	587	-1
1371	626	-1
1371	627	1
1372	567	-1
1372	607	1
1372	246	-1
1373	731	-1
1373	606	1
1373	245	-1
1374	1	58.19999999999999
1374	2	27.69999999999999
1374	1102	1
1375	3	58.19999999999999
1375	4	27.69999999999999
1375	1103	1
1376	5	58.19999999999999
1376	6	27.69999999999999
1376	1104	1
1377	7	58.19999999999999
1377	8	27.69999999999999
1377	1105	1
1378	9	58.19999999999999
1378	10	27.69999999999999
1378	1106	1
1379	11	58.19999999999999
1379	12	27.69999999999999
1379	1107	1
1380	13	58.19999999999999
1380	14	27.69999999999999
1380	1108	1
1381	15	58.19999999999999
1381	16	27.69999999999999
1381	1109	1
1382	17	58.19999999999999
1382	18	27.69999999999999
1382	1110	1
1383	19	58.19999999999999
1383	20	27.69999999999999
1383	1111	1
1384	21	58.19999999999999
1384	22	27.69999999999999
1384	1112	1
1385	23	58.19999999999999
1385	24	27.69999999999999
1385	1113	1
1386	25	58.19999999999999
1386	26	27.69999999999999
1386	1114	1
1387	27	58.19999999999999
1387	28	27.69999999999999
1387	1115	1
1388	29	58.19999999999999
1388	30	27.69999999999999
1388	1116	1
1389	31	58.19999999999999
1389	32	27.69999999999999
1389	1117	1
1390	33	58.19999999999999
1390	34	27.69999999999999
1390	1118	1
1391	35	58.19999999999999
1391	36	27.69999999999999
1391	1119	1
1392	37	58.19999999999999
1392	38	27.69999999999999
1392	1120	1
1393	39	58.19999999999999
1393	40	27.69999999999999
1393	1121	1
1394	41	58.19999999999999
1394	42	27.69999999999999
1394	1122	1
1395	43	58.19999999999999
1395	44	27.69999999999999
1395	1123	1
1396	45	58.19999999999999
1396	46	27.69999999999999
1396	1124	1
1397	47	58.19999999999999
1397	48	27.69999999999999
1397	1125	1
1398	49	58.19999999999999
1398	50	27.69999999999999
1398	1126	1
1399	51	58.19999999999999
1399	52	27.69999999999999
1399	1127	1
1400	53	58.19999999999999
1400	54	27.69999999999999
1400	1128	1
1401	55	58.19999999999999
1401	56	27.69999999999999
1401	1129	1
1402	57	58.19999999999999
1402	58	27.69999999999999
1402	1130	1
1403	59	58.19999999999999
1403	60	27.69999999999999
1403	1131	1
1404	61	58.19999999999999
1404	62	27.69999999999999
1404	1132	1
1405	63	58.19999999999999
1405	64	27.69999999999999
1405	1133	1
1406	65	58.19999999999999
1406	66	27.69999999999999
1406	1134	1
1407	67	58.19999999999999
1407	68	27.69999999999999
1407	1135	1
1408	69	58.19999999999999
1408	70	27.69999999999999
1408	1136	1
1409	71	58.19999999999999
1409	72	27.69999999999999
1409	1137	1
1410	73	58.19999999999999
1410	74	27.69999999999999
1410	1138	1
1411	75	58.19999999999999
1411	76	27.69999999999999
1411	1139	1
1412	77	58.19999999999999
1412	78	27.69999999999999
1412	1140	1
1413	79	58.19999999999999
1413	80	27.69999999999999
1413	1141	1
1414	81	58.19999999999999
1414	82	27.69999999999999
1414	1142	1
1415	124	58.19999999999999
1415	125	27.69999999999999
1415	1511	1
1416	126	58.19999999999999
1416	127	27.69999999999999
1416	1512	1
1417	128	58.19999999999999
1417	129	27.69999999999999
1417	1513	1
1418	130	58.19999999999999
1418	131	27.69999999999999
1418	1514	1
1419	132	58.19999999999999
1419	133	27.69999999999999
1419	1515	1
1420	134	58.19999999999999
1420	135	27.69999999999999
1420	1516	1
1421	136	58.19999999999999
1421	137	27.69999999999999
1421	1517	1
1422	138	58.19999999999999
1422	139	27.69999999999999
1422	1518	1
1423	140	58.19999999999999
1423	141	27.69999999999999
1423	1519	1
1424	142	58.19999999999999
1424	143	27.69999999999999
1424	1520	1
1425	144	58.19999999999999
1425	145	27.69999999999999
1425	1521	1
1426	146	58.19999999999999
1426	147	27.69999999999999
1426	1522	1
1427	148	58.19999999999999
1427	149	27.69999999999999
1427	1523	1
1428	150	58.19999999999999
1428	151	27.69999999999999
1428	1524	1
1429	152	58.19999999999999
1429	153	27.69999999999999
1429	1525	1
1430	154	58.19999999999999
1430	155	27.69999999999999
1430	1526	1
1431	156	58.19999999999999
1431	157	27.69999999999999
1431	1527	1
1432	158	58.19999999999999
1432	159	27.69999999999999
1432	1528	1
1433	160	58.19999999999999
1433	161	27.69999999999999
1433	1529	1
1434	162	58.19999999999999
1434	163	27.69999999999999
1434	1530	1
1435	164	58.19999999999999
1435	165	27.69999999999999
1435	1531	1
1436	166	58.19999999999999
1436	167	27.69999999999999
1436	1532	1
1437	168	58.19999999999999
1437	169	27.69999999999999
1437	1533	1
1438	170	58.19999999999999
1438	171	27.69999999999999
1438	1534	1
1439	172	58.19999999999999
1439	173	27.69999999999999
1439	1535	1
1440	174	58.19999999999999
1440	175	27.69999999999999
1440	1536	1
1441	176	58.19999999999999
1441	177	27.69999999999999
1441	1537	1
1442	178	58.19999999999999
1442	179	27.69999999999999
1442	1538	1
1443	180	58.19999999999999
1443	181	27.69999999999999
1443	1539	1
1444	182	58.19999999999999
1444	183	27.69999999999999
1444	1540	1
1445	184	58.19999999999999
1445	185	27.69999999999999
1445	1541	1
1446	186	58.19999999999999
1446	187	27.69999999999999
1446	1542	1
1447	188	58.19999999999999
1447	189	27.69999999999999
1447	1543	1
1448	190	58.19999999999999
1448	191	27.69999999999999
1448	1544	1
1449	192	58.19999999999999
1449	193	27.69999999999999
1449	1545	1
1450	194	58.19999999999999
1450	195	27.69999999999999
1450	1546	1
1451	196	58.19999999999999
1451	197	27.69999999999999
1451	1547	1
1452	198	58.19999999999999
1452	199	27.69999999999999
1452	1548	1
1453	200	58.19999999999999
1453	201	27.69999999999999
1453	1549	1
1454	202	58.19999999999999
1454	203	27.69999999999999
1454	1550	1
1455	204	58.19999999999999
1455	205	27.69999999999999
1455	1551	1
